30 1 3

1 2 3 

0 0
5.08 3.4 3.6 5.29 9.7 3.14 7.95 7.19 11.28 14.03 8.1 7.86 25.96 22.1 17.77 5.55 20.51 31.27 30.61 33.86 39.02 12.59 38.99 15.33 37.65 47.17 11.25 47.45 31.92 21.12 
4.01 2.35 3.45 1.94 4.5 10.99 8.4 2.98 6.22 4.78 19.8 19.54 17.38 7.52 11.29 25.11 10.36 29.86 24.62 21.01 34.61 10.53 8.94 14.26 31.84 26.82 29.34 28.99 17.04 11.63 
4.54 6.78 5.49 5.66 2.16 3.58 10.08 11.01 5.19 12.39 4.76 19.84 4.93 20.15 7.97 24.53 16.2 27.14 7.85 26.35 24.33 27.52 22.15 14.02 20.24 41.57 27.3 44.28 39.97 37.76 
1.46 2.96 2.86 3.95 4.2 1.88 2.11 3.88 12.82 5.48 9.03 4.61 16.09 9.83 18.91 9.74 12.33 13.94 22.03 34.1 17.02 8.1 15.9 23.35 38.15 15.35 15.03 41.06 31.59 45.68 
12.59 4.97 5.36 4.32 5.11 6.49 6.76 2.45 12.89 3.89 10.19 9 8.46 12.19 5.57 16.46 5.67 8.35 20.34 12.05 10.03 17.77 13.28 22.32 41.55 26.13 21.17 38.05 37.48 23.34 
3.86 4.97 4.54 3.03 5.03 2.94 5.87 1.95 6.77 7.46 7.9 6.24 8.02 17.35 19.51 16.58 12.92 26.1 13.44 12.66 19.53 7.42 22.43 13.24 15.4 15.74 19.36 39.08 41.18 37.1 
13.57 12.85 11.33 4.9 6.86 5.5 3.35 6.05 4.7 3.02 2.96 7.28 4.57 10.34 20.77 17.74 5.51 18.51 7.47 27.14 12.1 13.36 28.86 27.75 33.59 8.11 39.13 18.69 21.86 27.68 
13.41 12.95 13.35 6 6.69 3.84 5.28 1.81 4.04 3.07 6.22 6.26 5.78 3.31 11.63 7.29 5.52 9.01 6.94 14.6 15.85 10.66 18.6 30.01 31.85 20.05 9.8 38.91 10.96 20.55 
16.06 8.34 10.7 9.2 8.79 6.04 5.15 2.04 5.15 3.74 6.15 4.37 6.84 8.47 8.85 8.73 13.57 18.14 16.07 15.13 17.06 16.4 5.91 12.89 18.19 18.11 30.82 33.16 30.78 24.08 
11 7.8 4.49 10.64 11.94 8.57 4.34 3.75 4.86 3.79 3.02 6.64 4.06 4.96 10.83 11.34 6.34 9.83 5.23 15.45 4.99 8.73 14.02 22.08 22.3 12.15 15.94 27.39 27.51 32.01 
8.7 18.32 7.86 13.58 3.08 5.66 3.01 3.39 4.82 3.92 2.14 3.85 3.19 6.01 8.18 10.69 8.32 8.33 16.18 7.62 9.17 17.08 14.17 22.11 25.66 13.21 16.61 34.59 16.03 21.96 
16.8 5.75 10.81 16.29 8 3.04 3.26 5.46 2.41 4.09 3.65 6.18 2.54 4.07 6.71 6.12 4.71 6.12 4.38 14.86 13.07 7.01 15.62 10.78 9.88 11.18 8.89 34.39 10.35 13.44 
23.41 13.33 9 7.5 11.88 6.29 11.33 3.22 6.33 5.69 3.34 1.83 3.66 2.03 4.12 2.33 11.54 9.49 13.81 13.41 4.5 15.37 7.54 13.17 6.58 9.8 7.46 10.68 9.09 32.23 
6.85 20.14 13.34 13.03 18.59 19.39 11.44 6.71 7.15 13.6 3.49 1.43 5.39 1.9 1.62 2.56 3.05 7.23 11.82 3.08 9 11.82 10.77 14.11 17.87 25.8 18.85 23.51 24.11 7.67 
17.92 24.96 23.15 9.25 16.96 8.91 7.1 12.83 9.13 4.02 5.71 1.75 2.2 2.07 4.98 2.85 4.86 5.15 9.39 6.75 7.66 12.55 14.77 10.25 11.62 20.01 8.93 9.11 27.28 11.92 
13.9 22.59 13.68 9.4 14.48 12.46 5.28 14.8 3.49 9.69 13.5 7.14 6.75 5.95 6.71 3.23 4.91 2.03 3.57 9.17 2.82 8.32 8.06 12.69 6.63 4.4 8.42 23.44 18.84 15.3 
13.15 24.45 23.13 13.67 9.69 14.69 12.32 18.09 11.79 7.82 8.65 6.06 13.84 4.34 5.48 1.64 4.49 6.27 3.34 6.63 8.06 8.3 11.65 9.08 6.5 9.12 7.01 12.92 23.42 22.36 
13.37 12.15 22.8 22.51 12.82 16.89 14.25 14.32 4.31 7.57 6.82 9.71 10.88 13.16 4.74 3.57 4.02 5.89 1.9 1.62 4.82 12.05 12.97 9.06 12.97 13.94 5.12 14.91 19.83 23.4 
34.44 32.96 28.39 8.3 16.43 12.52 14 15.42 6.18 20.72 11.45 11.25 9.56 3.59 13.66 3.25 4.9 3.45 5.43 4.05 2.01 2.07 7.33 10 10.19 7.6 19.99 18.5 8.43 20.72 
30.53 21.7 23.96 7.2 18.95 11.03 19.28 23.83 12.62 6.08 6.36 7.6 10.52 13.44 7.59 11.14 5.55 1.78 6.03 3.58 5.31 5.22 4.59 7.9 12.35 3.16 9.21 8.98 6.56 20.4 
14.1 29.57 19.33 11.76 17.4 9.19 22.39 24.16 23.87 14.93 11.17 18.51 19.91 4.95 6.79 8.57 7.99 5.01 5.06 4.13 6.24 6.51 2.91 3.42 12.26 7.52 5.72 7.35 11.03 18.23 
21.65 34.88 25.02 23.88 18.95 33.98 25.39 8.37 26.2 15.78 7.17 6.96 20.58 16.37 11.4 7.7 10.12 7.82 5.64 5.77 4.16 5.51 3.12 6.64 6.66 10.63 10.74 7.44 3.48 20.63 
36.08 20.03 17.62 20.13 33.02 32.24 25.52 26.92 20.7 8.95 15.93 20.1 6.8 17.51 7.99 6.41 11.04 13.48 8.17 1.66 5.68 2.55 2.51 5.46 4.83 6.86 12.89 5.02 6.59 12.43 
36.91 33.5 22.21 27.86 34.58 19.09 26.18 14.83 9.41 26.56 9.29 6.22 10.39 11.7 14.82 20.74 6.45 3.02 12.49 6.15 3.49 6.22 3.33 6.91 6.18 2.33 2.38 3.81 13.77 9.58 
22.02 16.35 22.04 24.33 29.66 30.83 18.7 17.94 33.93 12.72 8.16 16.99 20.66 5.43 9.35 10.04 19.4 5.33 9.73 13.61 3.91 4.37 4.36 5.69 5.61 2.81 5.46 4.31 5.74 12.23 
36.02 48.03 29.27 9.21 29.5 32.09 31.66 7.42 9.43 16.45 11.03 20.07 23.95 6.43 11.78 6.48 14.09 9.92 10.29 2.9 9.55 4.26 2.84 2.89 5.93 6.35 5.15 2.14 2.61 3.53 
12.81 24.37 14.25 30.03 30.87 33.34 28.4 28.78 19.69 18.76 11.88 17.75 14.15 26.33 23.17 15.34 14.85 14.17 7.54 7.2 3.06 12.56 13.1 2.58 1.95 4.96 5.47 4.94 2.36 5.85 
44.13 42.17 37.32 22 11.99 15.58 17.15 40.71 21.92 29.52 22.03 34.48 17.3 18.25 20.54 24.6 15.05 9.9 8.89 10.39 11.21 11.23 7.96 7.36 3.57 5.4 2.89 3.2 3.93 5.33 
43.83 28.01 27.26 35.14 16.1 36.48 12.15 27.45 28.36 14.66 29.96 26.03 13.85 8.95 19.77 11.01 23.25 6.52 7.61 17.03 9.8 12.77 8.92 13.5 12.93 2.55 6.7 6.63 3.2 4.26 
46.97 14.61 19.61 24.11 40.47 14.77 19.92 30.8 16.5 38.06 15.37 14.87 7.31 9.33 18.52 24.91 20.31 20.8 18.24 13.1 10.91 11.72 10.19 4.5 8.62 11.94 5.21 6.4 5.52 6.63 
1 0
9.57 10.3 8.54 3.31 21.41 25.29 22.49 17.13 33 10.28 31.49 18.91 36.25 36.55 11.83 29.52 36.57 36.11 43.27 61.74 59.63 66.64 38.96 43.25 37.86 37.85 71.18 42.62 109.35 77.22 
12.38 11.53 6.33 10.96 7.72 25.31 25.61 21.24 21.63 8.58 30.2 41.59 41.23 16.84 34.83 32.14 40.25 67.94 53.34 67.68 37.05 78.57 44.01 53.23 70.38 28.78 26.76 95.9 34.27 62.86 
5.35 9.24 9.73 2.98 6.91 13.19 18.2 18.3 21.73 21.58 38.2 29.92 8.44 10.87 20.4 51.62 40.48 43.4 63.08 29.81 35.6 36.79 74.6 55.24 79.22 62.84 67.93 20.44 25.25 79.67 
5.7 8.05 12.41 7.31 6.14 12.18 3.12 16.02 5.75 10.99 17.03 19.42 35.18 25.54 12.04 36.85 43.51 49 20.97 25.46 34.14 60.33 47.23 74.75 34.56 68.89 30.08 41.54 44.88 75.84 
25.55 6.72 3.02 12.35 6.15 4.73 3.53 12.11 13.05 15.17 14.59 21.18 37.53 19.74 8.65 36.28 15.31 42.6 31.34 46.27 56.57 24.77 57.16 28.69 34.89 43.25 51.58 28.31 54.04 83.74 
16.4 7.03 3.64 6.92 4.29 11.53 5.38 6.86 4.18 21.5 8.16 23.88 26.48 21.96 31.63 40.31 11.41 11.12 48.71 36.35 47.56 26.38 21.66 34.79 61.19 41.49 24.94 79.78 22.05 22.25 
10.06 10.83 21.33 13.81 12.64 7.09 11.73 3.66 9.84 12.47 21.38 13.43 27.18 17.96 19.17 24.13 13.57 35.08 41.06 34.98 13.13 18.58 57.9 30.82 38.87 60.66 38.93 23.99 59.79 42.07 
25.79 12.45 11.89 24 9.76 9.76 7.22 12.36 11.29 5.15 11.29 27.47 7.72 22.91 12.14 23.22 34.76 30.64 31.68 50.73 29.18 17.75 17.55 37.44 62.13 60.6 19.37 22.94 17.23 55.77 
12.41 15.93 17.17 18.8 23.03 6.51 12.86 5.48 7.88 4.66 5.88 6.46 9.22 14.74 18.35 9.76 16.68 15.4 12.34 22.41 14.1 40.28 54.18 41.59 35.22 22.82 18.29 30.61 67.55 18.98 
31.25 10.75 19 25.1 26.68 8.87 3.7 12.56 5.52 5.76 10.51 9.23 4.32 10.56 20 11.3 16.24 38.95 34.48 24.36 28.51 47.29 23.07 52.46 14.57 22.69 57.33 19.8 68.38 70.23 
21.93 40.81 15.67 27.45 26.36 10.05 22.56 12.53 11.97 2.86 6.9 6 8.55 5.91 20.44 13.22 12.79 6.4 14.07 24.15 29.37 34.6 14.94 37.13 37.96 53.58 40.1 54.36 21.75 63.61 
30.66 12.68 17.41 29.48 16.23 25.74 21.95 25.95 3.51 6.69 13.44 10.06 3.25 3.37 4.13 13.54 21.83 23.25 18.26 30.68 9.73 25.39 18.36 36.65 52.14 16.94 40.03 34.99 65.47 53.88 
12.96 10.78 33.86 32.04 37.63 8.6 13.94 18.35 14.69 7.49 8.11 11.59 10.54 4.78 3.34 7.83 16.05 23.52 21.41 13.2 10.16 24.52 25.42 36.43 14.93 19.41 11.92 33.37 28.8 28.05 
22.51 38.17 36.48 11.14 22.49 29.69 6.35 5.8 24.42 25.05 4.33 2.98 4.69 3.7 8.8 6.48 5.2 17.79 12.84 17.38 17.4 21.82 32.2 15.51 9.73 30.66 13.78 49.97 46.34 36.36 
37.57 12.95 24 9.33 31.6 17.79 19.35 20.31 23.84 9.84 24.83 12.36 12.61 12.81 12.03 11.15 5.81 5.9 14.37 17.86 10.5 13.03 29.71 10.14 34.51 41.57 16.15 30.05 14.62 46.67 
20.48 20.25 13.62 37.94 38.27 33.98 25.85 39.38 21.1 9.67 19.17 6.14 7.61 10.92 7.2 4.97 10.44 2.8 13.33 18.66 16.07 24.02 16.04 39.44 9.08 9.1 33.96 28.04 22.01 14.89 
57.08 12.39 44.8 52.11 26.71 15.57 41.11 34.24 9.5 9.95 11.81 11.36 6.7 5.66 9.24 12.23 5.03 12.92 8.31 10.24 26 10.85 13.61 25.71 14.14 39.85 14.56 31.59 31.38 25.12 
68.6 61.23 36.75 34.6 31.52 21.6 23.84 26.91 24.22 13.51 21.37 8.93 13.4 19.09 3.53 3.3 6.94 10.91 9.53 13.66 8.8 11.59 23.5 19 5.82 23.76 15.25 38.27 14.36 16.67 
64.74 22.74 64.7 25.62 41.04 19.14 49.51 24.16 30.47 32.01 19.63 9.12 23.94 22.72 21.67 9.46 12.45 13.32 12.85 3.32 10.59 5.29 19.81 26.86 17.07 16.21 21.59 19.46 16.05 15.82 
46.09 14.04 41.7 51.45 39.77 22.46 13.3 45.15 10.32 29.31 24.83 13.94 18.11 10.17 15.18 26.62 11.01 5.74 13.4 13.18 6.19 9.76 6.79 14.17 8.83 17.88 10.87 10.21 26.06 25.43 
62.47 28.39 41.21 51.99 60.65 12.88 47.4 35.38 31.69 40.89 30.21 19.86 34.48 23.88 9.57 24.83 13.54 8 5.81 5.96 3.85 7.02 10.9 7.88 10.69 8 26.35 17.32 22.92 39.41 
46.95 26.7 58.22 27.99 44.72 24.47 49.09 47.66 15.8 22.83 23.66 22.02 35.12 39.1 19.84 27.47 10.91 24.88 5.22 3.17 10.8 2.82 6.59 3.49 6.9 20.66 22.15 26.45 14.98 8.81 
74.27 24.66 32.49 44.45 45.42 33.52 66 19.21 43.7 11.67 20.61 29.17 20.43 27.24 14.33 12.73 15.78 13.63 24.07 3.86 7.3 5.52 3.1 7.37 3.17 4.66 15.44 18.65 8.35 13.07 
53.4 69.47 53.43 18.48 68.46 23.65 57.21 48.19 26.42 54.92 53.51 55.27 37.59 8.64 17.58 36.89 27.55 9.03 25.69 7.1 3.67 9.3 3.87 9.63 10.04 4.68 11.52 12.01 10.13 19.8 
47.47 60.79 69.52 37.32 70.62 40.22 59.83 49.6 14.06 11.62 11.3 37.13 23.38 27.23 37.23 39.78 11.34 18.79 27.26 20.96 26.37 9.74 4.19 8.76 5.56 9.02 9.44 9.26 16.63 15.04 
92.12 54.12 31.98 28.85 27.1 60.79 26.88 52.04 65.83 54.3 36.92 28.96 41.31 38.5 32.83 39.36 40.95 12.4 15.95 5.66 14.72 24.7 11.5 13.5 4.53 6.14 9.44 7.28 7.15 19.28 
46.56 95.83 93.18 67.9 36.09 21.55 28.41 47.5 52.58 30.43 41.92 27.12 39.76 36.29 40.79 20.77 30.12 31.51 9.82 14.1 24.66 10.21 7.72 5.51 13.5 7.44 7.05 7.08 10.19 6.95 
26.87 89.05 81.46 79.36 56.1 52.25 75.61 44.27 64.99 44.42 33.69 32.95 44.99 38.92 15.78 19.51 34.79 35.13 29.4 37.44 26.02 21.84 16.63 11.03 6.83 3.68 5.85 10.88 3.35 7.86 
89.16 66.73 42.55 73.48 65.21 17.23 32.71 71.22 25.49 24.67 68.84 45.14 49.91 23.01 54.16 45.27 39.99 36.83 22.19 25.59 26.78 25.26 16.79 12.8 14.27 3.39 3.69 5.72 11.58 3.27 
60.66 52.02 92.48 30.82 28.95 93.28 66.22 37.8 36.87 73.91 65.71 30.82 42.5 34.32 24.14 52.03 29.59 19.5 33.48 10.45 22.34 34.14 18.47 18.05 21.52 16.1 6.51 8.11 9.91 6.64 
2 0
17.82 4.85 10.43 10.58 31.4 10.16 7.79 29.59 51.97 27.29 22.19 43.19 71.04 59.65 68.35 49.95 62.9 57.09 69.37 48.55 24.53 75.28 65.93 70.2 69.53 89.62 111.48 86.48 58.91 143.11 
15.58 9.86 11.56 10.17 14.59 9.6 12.48 33.91 12.89 25.85 33.42 37.3 22.96 47.13 17.41 30.01 23.13 57.79 64.49 76.85 45.75 34.54 21.63 106.82 35.54 65.58 115.36 48.54 42.06 118.21 
15.11 12.5 16.56 9.79 10.89 17.37 19.54 34.35 14.69 30.6 18.6 36 17.89 40.29 67.48 40.15 26.92 16.36 51.76 57.74 77.98 47.19 39.54 46.9 38.14 51.29 34.01 48.69 47.35 56.55 
5.27 14.05 12.77 8.84 17.64 8.21 15.32 29.37 32.25 18.41 31.33 24.35 17 11.93 37.83 41.19 61.72 47.94 38.25 32.57 66.27 83.4 52.75 75.28 89.48 80.71 60.66 38.85 67.36 111.74 
35.62 9.29 4.16 13.23 7.65 14.34 7.79 5.99 10.18 17.44 33.23 29.02 47.25 43.82 18 42.56 33.21 21.07 15.5 26.27 70.47 67.43 49.67 50.63 68.26 27.88 33.95 38.01 104.14 84.77 
12.75 25.01 10.04 7.66 13.32 15.79 9.26 4.65 17.59 23.22 25.74 20.22 28.7 29.44 26.21 23.51 21.04 32.89 33.35 18.45 68.97 59.18 47.34 31.22 44.15 68.03 74.59 76.34 81.13 95.15 
17.15 28.12 17.16 8.98 10.62 4.28 6.17 11.37 15.06 9.61 9.32 24.99 18.08 9.71 11.83 45.93 36.99 45.21 28.7 66.49 34.99 17.17 51.9 88.12 78.72 29.47 102.23 26.31 104.87 62.73 
14.71 10.92 20.05 16.85 14.05 11.08 13.12 4.33 4.99 4.34 10.37 25.85 22.51 7.37 32.8 34.94 43.49 25.85 53.4 69.74 14.48 23.49 59.9 21.54 78.19 71.07 61.07 96.43 69.82 57.7 
33.05 8.45 9.67 19.92 23.25 17.77 4.89 17.74 6.18 16.97 9.21 13.88 22.88 18.97 13.21 33.02 29.46 30.66 27.77 32.46 17.33 29.03 25.83 29.63 66.01 43.43 69.24 33.34 54.47 51.65 
34.1 35.98 31.24 8.88 30.25 25.11 8.01 4.18 4.9 6.89 16.53 12.41 9.72 33.21 16.2 10.8 31.92 11.69 49.75 39 43.9 59.08 42.74 66.9 40.53 86.4 66.74 55.76 29.99 89.02 
13.34 28.62 14.87 8.19 11.88 22.42 20.42 13.5 10.39 12.61 7.83 7.04 8.62 7.9 35.22 7.85 13.48 7.27 17.59 37.21 48.09 23.32 22.1 55.1 24.72 70.25 38.68 52.4 30.36 47.3 
39.72 48.02 38.98 39.28 16.92 29.56 18.04 28.68 10.91 13.49 17.88 13.23 6.11 11.34 13.64 20.74 13.51 21.38 31.98 12.02 39.6 30.59 33.78 60.13 22.63 63.68 21.56 35.11 26.78 63.13 
23.11 16.21 15.62 49.77 25.93 20.72 15.83 17.71 8 7.67 15.18 13.66 17.49 16.04 5.15 6.2 29.75 32.93 28.44 29.73 11.17 52.67 48.52 48.16 59.05 65.19 63.64 61.65 53.93 39.44 
30.94 55.77 22.81 14.39 44.08 27.31 21.11 7.28 33.37 32.15 8.07 17.74 12.48 15.61 12.83 13.6 9.03 28.65 9.98 25.03 22.38 27.57 35.17 27.49 17.92 53.49 21.77 45.8 57.25 34.47 
51 44.58 15.74 36.81 48.28 52.48 25.93 30.37 22.91 12.83 7.58 16.48 4.84 17.77 12.42 7.05 9.72 9.66 12.25 17.39 29.47 35.11 53.12 46.59 37 36.77 61.81 29.99 58.45 17.63 
53.56 56.54 15.61 18.53 31.04 39.18 49.6 43.12 34.33 27.85 12.64 29.42 8.58 12.04 15.98 13.7 16.12 4.79 16.24 9.64 24.34 25.81 25.21 34.95 49.84 39.58 26.45 56.48 17.77 45.54 
56.57 69.8 68.64 16.05 31.08 48.21 40.03 45.17 10.84 26.7 9.04 27.03 13.39 7.08 11.71 12.38 15.25 15.5 16.15 11.78 28.07 21.81 25.72 30.34 15.45 22.68 32.74 31.8 26.68 52.96 
87.22 84.72 68.02 20.89 27.15 62.07 21.35 38.09 36.88 30.82 20.2 15.41 24.91 16.54 12.03 16.27 6.85 6.02 14.47 8.48 10.93 34.11 31.32 15.82 13.78 33.93 25.04 23.24 28.33 66.49 
68.16 24.83 58.02 37.43 20.85 49.61 49.07 49.29 46.84 47.86 15.66 25.35 12.99 18.15 33.77 7.29 9.67 14.56 14.96 17.8 6.21 10.68 9.42 20.26 14.47 31.44 17.83 14.3 13.7 13.1 
62.57 59.57 55.04 50.88 57.58 40.38 64.82 64.12 36.26 10.89 18.51 46.43 34.94 30.36 31.42 8.94 13.87 5.77 17.9 14.11 12.69 8.5 6.77 30.96 15.07 19.21 11.59 24.19 18.09 19.78 
85.52 39.72 59.68 31.19 55.09 14.48 35.8 20.97 54.61 34.53 14.63 52.39 33.84 24.21 31.42 7.96 25.46 13.6 5.28 13.72 14.21 9.58 4 3.83 26.38 11.94 13.27 11.77 48.84 38.64 
96.89 40.77 49.65 21.82 26.71 49.07 55.14 56.94 22.87 68.65 40.91 37.83 28.31 38.12 16.65 35.75 16.53 31.77 10.61 17.19 13.19 12.9 7 6.85 5.82 16.94 35.17 24.55 18.75 12.4 
103.14 71.81 91.69 86.61 82.61 61.07 52.6 18.54 29.33 42 55.24 12.5 38.93 25.4 22.15 32.54 11.21 26.02 32.9 9.32 17.48 14.35 8.1 14.2 6.93 8.67 10.19 12.09 14.3 22.42 
87.7 59.91 21.7 75.96 48.7 73.68 55.13 55.54 32.3 64.57 42.41 60.35 36.97 11.54 53.69 19.75 29.65 24.98 27.31 35.24 17.24 7.66 7.87 8.2 9.39 14.62 12.56 29.27 32.19 32.9 
50.02 73.69 76.3 91.04 95.3 24.08 22.45 59.43 42.58 53.45 52.45 51.6 64.39 13.59 23.04 12.25 46.09 8.3 21.38 29.67 33.18 5.66 14.92 13.21 8.72 5.92 13.55 11.61 20.68 13.77 
61.07 69.06 55.43 88.27 85.1 71.29 52.75 19.16 87.43 74.49 19.21 26.61 71.54 27.63 12.7 28.7 14.87 44.08 32.16 33.46 16.8 17.09 15.09 5.28 12.45 7.26 13.39 4.36 8.6 34.8 
123.48 51.92 62.26 42.55 87.01 44.44 40.07 35.4 18.76 38.16 40.02 35.39 20.41 45.44 24.54 31.88 45 44.38 23.67 20.24 22.98 13.18 25.74 7.99 12.07 12.85 11.42 7.35 10.29 4.41 
119.06 111.98 77.49 45.03 74.99 47.23 28.5 71.85 61.8 40.92 69.33 55.03 22.6 60.37 38.82 35.55 31.32 24.86 13.86 48.03 9.07 30.81 33.56 23.35 6.16 13.62 12.7 7.25 12.11 9.97 
92.65 77.02 68.42 43.4 87.33 31.97 84.53 31.38 85.24 55.29 81.02 43.61 20.85 22.42 40.04 21.07 55.91 40.04 35.55 39.72 52.69 11.76 20.53 11.78 27.07 16.65 4.82 12.04 10.04 7.24 
107.43 39.23 71.19 30.95 46.86 111.41 103.65 100.18 41.22 84.86 74.13 28.29 45.04 85.04 47.43 34.47 20 63.84 25.06 42.61 34.75 31.86 29.06 33.85 20.92 15.05 7.09 10.2 16.9 4.6 

57 96 33 0 27 0 82 0 0 0 93 91 0 0 89 74 7 0 98 0 0 70 0 90 52 47 61 0 93 0 

0 0
0 0 0 37 0 37 0 54 1 25 0 0 9 72 0 0 0 23 0 87 13 0 84 0 0 0 0 37 0 0 
1 0
0 0 0 93 0 96 0 42 75 82 0 0 85 37 0 0 0 53 0 70 72 0 45 0 0 0 0 80 0 5 
2 0
0 0 0 87 0 27 0 51 67 96 0 0 32 75 0 0 0 17 0 53 22 0 36 0 0 0 0 36 0 75 
