30 1 3

1 2 3 

0 0
5.74 2.94 6.73 2.32 13.63 12.44 7.61 5.02 10.82 20.79 9.23 4.98 15 26.64 26.62 27.47 24.47 28.55 12.39 14.58 23.53 29.1 20.73 30.83 26.36 31.99 31.16 13.35 47.32 24.44 
1.78 5.62 1.59 2.4 6.4 13.56 10.11 4.11 3.08 17.51 10.54 17.48 9.37 23.62 22.4 18.29 7.47 12.35 9.64 26.81 32.59 18.32 18.88 16.85 34.85 12.84 15.04 13.93 14.69 26.6 
3.75 5.42 6.37 3.43 1.7 6.84 6.65 10.68 4.24 8.45 11.16 18.97 18.93 7.95 16.02 20.7 8.82 10.59 18.69 25.68 25.22 29.33 37.61 39.68 13.76 35.6 23.16 23.67 30.19 12.07 
2.08 4.27 5.85 6.61 6.87 5.29 4.39 4.3 5.19 12.59 4.99 11.56 6.05 8.28 4.55 17.95 17.73 9.1 9.7 6.98 25.98 9.61 23.35 38.28 22.65 23.79 12.73 42.87 37.75 41.24 
11.52 4.71 2.85 3.47 3.5 5.17 5.65 3.86 6.56 12.61 6.46 8.52 9.67 14.11 4.36 15.64 6.81 24.46 10.41 11.82 10.65 14.52 7.13 11.2 19.16 29.04 36.71 30.36 10.42 16.68 
3.15 11.3 2.85 5.11 2.35 2.61 2.71 6.72 1.81 6.23 7.96 5.52 7.44 7.05 14.92 19.68 11.26 6.92 14.66 26.56 6.95 24.09 31.85 26.29 32.51 27.48 23.22 21.13 19.3 43.14 
5.78 12.72 11.58 4.65 3.9 1.42 3.53 6.3 2.02 1.82 4.42 3.25 3.7 3.01 6.16 19.84 19.55 15.66 7.22 10.89 20.27 15.86 22.67 14.36 8.26 12.83 20.87 12.39 31.62 20.9 
13.31 12.96 13.83 7.09 6.52 5.08 1.48 2.04 3.29 5.48 3.64 9.52 9.82 7.37 8.43 17.3 20.32 11.61 14.16 14.32 7.36 8.52 17.78 29.31 10.44 30.79 29.27 9.52 32.33 27.74 
20.52 9.15 10.62 5.24 13.4 3.16 5.56 3.73 5.62 3.05 3.56 5.12 4.57 7.35 9.31 5.37 7.9 19.39 11.2 18.18 22.5 24.42 27.19 20.66 33.67 11.28 8.01 22.42 10.03 30.55 
16.01 17.18 6.67 10.86 8.36 10.45 4.57 4.91 1.44 3.13 5.08 4.84 5.72 4.1 3.8 9.76 7.98 9.79 18.49 13.2 17.95 23.58 9.15 8.72 20.94 30.57 33.29 20.23 21.09 10.15 
9.5 18.96 12.68 9.12 2.96 6.93 4.4 5.71 6.48 4.49 6.03 5.98 6.1 6.62 10.26 3.16 9 10.35 6.54 14.08 7.65 14.12 15.51 18.31 9.94 19.71 22.98 24.95 26.73 21.36 
15.04 13.72 17.57 16.85 10.43 12.05 6.62 11.97 3.32 3.98 5.39 4.72 5.71 4.05 4.69 12.73 4.28 12.87 9.3 8.72 18.83 19.27 7.75 23.03 15.55 25.01 26.19 34.27 17.44 9.87 
19.18 17.58 12.27 18.68 10.08 9.77 5.23 8.23 12.38 2.43 5.44 2.87 3.46 4.43 5.76 5.93 6.57 12.81 4.27 11.26 18.29 10.62 10.21 7.58 27.31 18.86 25.68 27.7 9.04 10.11 
11.08 11.88 6.98 14.93 19.71 8.08 8.04 4.1 8.19 8.15 2.8 3.23 5.93 2.63 6.48 4.01 2.62 7.49 10.37 4.58 8.88 6.71 15.44 8.98 15.38 15.55 22.52 12.28 23.25 27.7 
5.67 10.76 22.22 8.87 4.99 6.34 17.93 8.13 6.36 4.26 5.85 5.79 3.33 6.49 1.64 6.46 1.68 5.4 12.16 12.85 6.91 10.01 6.94 6.8 5.22 12.91 12.28 19.71 27.34 26.6 
5.72 15.97 22.13 24.16 18.35 7.93 5.58 6.31 12.79 13.45 10.75 12.33 5.74 3.76 2.19 3.57 5.54 3.87 2.14 13.16 11.99 12.9 6.26 6.4 15.38 10.74 14.98 26.06 8.87 23.14 
12.58 13.72 12.84 6.31 27.43 15.81 19.58 8.7 8.5 6.03 11.69 8.93 4.27 5.66 4.76 3.77 5.76 6.8 2.36 3.93 4.75 3.02 11.12 4.01 13.68 6.7 15.28 4.33 21.97 18.74 
21.23 33.85 9.03 9.42 15.72 24.32 5.2 18.68 16.71 14.34 10.74 3.41 3.66 10.25 5.28 4.78 5.58 6.21 4.63 5.09 4.01 4.07 12.19 4.75 9.37 7.63 10.25 4.65 15.02 20.64 
15.01 32.62 10.01 11.31 21.63 22.45 5.58 18.15 20.35 15.68 12.82 7.92 11.15 9.83 4.84 2.84 2.51 3.69 4.94 6.1 6.91 2.81 10.55 4.17 8.03 12.52 16.57 19.8 5.35 18.65 
7.91 23.98 32.36 23.34 6.7 22.83 26.57 12.35 11.95 12.24 10.33 17.08 11.86 3.66 11.92 3.05 4.09 5.77 1.85 4.12 1.84 4.2 4.95 6.19 11.9 10.73 3.15 18.84 4.21 5.4 
15.64 22.56 10.58 22.28 31.56 17.6 24.65 20.59 6.03 16.88 8.75 17.09 13.56 3.03 9.96 11.02 8.73 1.4 2.76 2.88 3.83 3.82 3.07 1.42 6.04 4.65 10.64 10.03 6.93 7.96 
27.19 21.94 20.81 28.42 11.47 28.22 8.46 5.89 15.89 8.63 9.14 18.69 16.59 8.23 8.56 9.55 7.35 11.31 5.04 2.07 4.96 2.68 1.54 2.1 6.59 8.81 12.6 13.52 4.27 7.99 
13.8 16.17 9.89 28.41 27.93 33.39 14.1 6.88 10.62 17.16 10.03 10.38 8.95 6.72 6 13.3 12.33 2.79 13.02 4.18 2.02 5.44 5.59 5.54 2.81 5.36 3.03 6.65 8.33 9.62 
34.36 17.39 40.89 25.18 19.6 7.82 34.41 16.13 15.53 22.49 14.85 24.72 17.64 14.59 15.03 19.22 8.35 8.12 12.36 13.15 3.61 3.16 6.81 6.62 4.58 3.71 2.47 9.89 2.81 10.33 
24.61 35.09 16.35 12.92 15.49 32.54 12.95 8.96 16.87 25.92 20.61 22.06 18.84 6.08 11.44 7.05 7.76 5.11 13.47 13.48 7.91 3.82 3.96 4.87 4.1 5.07 6.88 3.45 9.05 9.66 
37.96 41.95 39.39 8.47 8.52 32.13 10.72 24.95 11.22 29.72 9.39 16.8 23.11 14.37 9.47 14.74 14.76 9.47 13.36 13.1 7.71 3.37 2.77 5.89 2.2 6.21 1.6 4.59 5.83 5.76 
38.78 35.12 27.36 12.31 31.81 23.96 24.21 18.69 25.26 10.56 20.88 10.72 25.62 20.46 17.54 15 17.26 5.26 10.31 7.24 2.79 10.68 11.62 6.56 3.98 4.96 6.28 4.22 2.34 2.2 
37.45 21.58 40 10.65 36.47 38.33 22.02 16.18 33.65 12.88 17.02 9.51 25.53 12.05 9.51 22.61 13.89 20.21 18.59 9.62 13.87 11.56 9.94 13.65 5.73 3.15 1.52 5.83 4.25 1.69 
37.41 33.63 23.01 17.67 23.37 18.03 40.64 27 38.91 10.24 25.71 22.72 20.14 17.6 14.31 5.96 22.78 19.69 12.3 9.59 5.49 9.7 6.11 12.62 6.49 6.61 1.76 3.93 4.03 3.77 
24.19 12.68 16.09 10.34 17.61 18.35 35.33 18.32 18.48 25.42 13.95 26.8 27.41 20.85 25.19 22.66 15.23 15.72 14.77 5.55 16.22 8.47 9.44 7.65 7.78 4.12 5.11 4.62 2.63 2.12 
1 0
13.13 4.11 4.51 6.63 11.87 12.59 5.69 12.41 26.64 10.08 37.5 29.1 13 11.32 32.46 51.96 63.08 34.6 16.68 64.13 44.52 69.99 51.87 59.45 86.19 69.95 37.29 61.32 89.13 108.96 
10.11 9.91 4.08 3.31 11.01 12.98 22.81 21.85 8.73 9.12 37.59 29.94 39.46 51.91 11.39 26.2 24.85 41.37 64.09 36.61 44.33 64.63 34.9 75.95 82.78 71.13 64.48 75.88 35.76 72.65 
7.04 10.53 3.72 13.4 4.24 9.91 6.79 26.13 25.19 12.28 15.44 13.45 40.51 30.47 32.22 44.47 54.34 15.87 45.08 45.12 21.84 26.12 82.48 81.05 51.68 59.24 81.25 82.78 93.38 75.71 
5.38 9.16 5.46 7.68 4.13 5.87 9.85 11.86 7.66 14 26.16 27.58 24.03 11.66 16.07 11.96 52.94 26.83 51.12 56.89 58.98 62.5 43.2 17.59 17.38 57 50.76 33.53 64.57 93.01 
9.15 12.66 12.63 13.82 11.63 11.14 5.41 6.24 23.94 5.73 8.71 13.51 17.05 17.37 40.02 13.99 38.94 23.77 13.89 27.34 56.86 67.7 37.03 19.13 51.26 60.17 52.33 16.82 66.15 82 
22.73 23.78 13.04 4.2 3.21 10.23 8.93 6.55 10.28 20.38 15.09 16.79 22.38 39.24 17.31 16.68 24.03 36.71 39.2 41.97 48.51 60.05 47.74 40.17 42.23 68.72 23.8 60.6 67.74 91.53 
9.86 26.83 18.46 3.94 8.21 13.82 12.03 12.25 3.27 3.43 15.91 24.8 21 8.39 34.57 27.22 20.56 26.32 38.94 30.69 22.81 17.2 45.63 25.31 39.26 26.35 17.49 44.03 70.69 30.64 
9.76 18.05 21.55 10.94 13.79 6.88 9.82 10.65 10.57 4.96 12 26.12 14.79 12.95 14.76 37.49 20.19 13.54 8.4 25.35 46.48 46.11 13.93 22.42 59.44 33 35.83 37.74 57.93 40.55 
31.16 8.57 18.14 16.44 19.88 7.4 11.37 3.84 10.22 4.35 6.74 11.21 16.88 8.17 8.1 14.35 38.39 22.1 37.21 41.04 40.03 52.31 17.42 35.6 19.91 66.31 38.34 42.32 52.33 16.74 
35.44 38.6 12.52 26.11 26.57 21.13 7.89 7.15 8.1 10.19 7.65 11.87 11.51 5.83 21.3 26.85 26.25 18.12 8.72 10.22 8.7 44.01 47.79 49.12 37.85 45.46 14.23 34.3 45.15 42.01 
9.03 31.11 36.86 11.17 23.53 21.69 20.15 9.38 10.46 5.52 7.65 6.98 6.25 13.07 11.5 23.92 7.47 26.37 9.11 13.99 12.32 34.24 44.54 34.73 14.09 44.57 63.88 46.37 63.49 65.71 
28.41 9.21 9.14 39.3 23.1 16.34 23.77 13.1 6.19 13.57 12.73 5.03 11.27 7.5 4.95 12.36 13.39 16.34 12.87 31.43 18.93 10.77 13 20.39 26.45 49.34 53.04 37.54 43.96 27.89 
30.78 35.39 16.83 39.33 33.29 15.72 15.3 19.11 17.19 5.25 11.51 3.28 10.12 9.93 6.71 12.92 17.16 15.61 25.04 20.5 13.66 9.17 26.09 40.27 34 39.24 25.24 39.64 17.43 60.22 
47.03 16.74 36.74 35.92 24.83 41.16 15.22 8.75 14.6 17.47 9.75 8.2 5.76 7.52 9.5 4.03 12.54 24.48 11.37 17.12 26.87 24.39 19.29 37.8 13.81 41.81 20.92 55.29 32.58 24.7 
13.69 15.5 45.28 30.7 36.87 23.76 27.7 16.36 13.25 5.98 7.39 3.66 6.92 12.85 5.04 4.36 6.99 6.14 23.29 9.1 25.73 12.64 41.55 22.05 28.98 21.14 32.76 12.78 44.88 50.71 
52.61 21.89 37.44 32.89 17.35 16.95 32.25 36.75 6.74 8.54 22.94 11.59 9.79 13.42 8.67 12.85 6.42 9.64 10.14 7.04 13.34 20.15 16.54 18.74 30.64 20.55 36.53 46.15 36.08 40.9 
23.51 36.8 13.24 51.86 27.4 23.04 39.64 13.75 16.04 23.17 21.73 6.38 7.22 5.52 2.83 11.71 7.25 9.12 10.05 10.44 9.36 14.74 17.84 7.24 27.6 29.1 39.55 30.25 49.09 34.32 
26.55 23.56 12.26 53.97 32.3 44.82 11.9 26.26 14.64 27.18 21.57 21.83 21.34 21.29 9.24 7.72 13.1 4.44 11.91 9.84 8.15 18.86 19.89 16.84 10.19 9.97 16.74 9.37 9.77 11.31 
42.87 22.94 19.73 12.59 29.65 38.65 18.28 31.98 27.41 25.78 15.27 17.94 6.6 22.84 14.04 3.58 10.52 8.59 13 7.59 4.52 8.32 14.22 27.58 24.71 20.47 38.18 12.34 12.96 40.54 
42.09 43.2 55.79 38.6 37.55 39.59 54.58 45.12 18.92 12.37 26.84 18.24 27.07 8.5 18.77 20.92 7.28 7.8 12.16 6.06 5.78 2.83 6.11 10.23 10.76 26.03 19.53 21.03 41.02 32.84 
42.76 43.03 21.6 56.06 41.27 22.71 50.31 24.39 49.88 17.75 23.22 33.24 37.54 25.84 10.6 9.81 11.93 12.69 10.85 9.25 8.1 10.87 3.34 4.03 20.65 16.17 9.03 24.42 34.37 17.34 
57.15 33.47 52.55 38.86 15.01 49.2 42.51 40.32 52.5 20.49 34.72 31.83 19.32 33.47 14.24 18.55 17 17.59 9.13 7.83 9.13 9.47 3.74 13.35 4.09 25.94 11.25 20.36 18.38 29.67 
29.35 25.24 63.31 65.39 28.91 21.96 42.66 33.29 28.82 48.39 32.83 24.66 40.32 15.93 9.28 21.32 27.33 20.64 8.92 12.74 7.59 4.01 7.76 3.43 4.81 5.51 7.96 16.38 17.06 23.24 
30.1 54.4 66.86 76.73 67.51 65.55 61.63 51.08 23.68 15.5 37.78 18.53 11.03 13.48 12.83 31.54 25.22 18.64 18.07 21.56 5.36 12.53 7.05 5.52 4.4 12.79 6.32 6.62 15.31 23.1 
57.32 52.88 17.48 37.09 43.61 52.38 63.47 32.43 55.28 43.99 21.89 37.22 27.87 13.51 8.84 12.61 28.32 19.27 17.27 22.73 7.46 7.11 9.83 2.91 7.99 12.85 10.92 8.22 7.17 26.7 
43.62 74.25 64.36 32.73 34.94 79.58 19.72 56.13 55.59 20.34 43.83 43.44 38.12 34.62 35.77 24.23 21.04 16.42 9.46 8.93 24.63 6.7 8.61 8.58 3.04 10.84 5.72 11.56 9.03 18.63 
23.83 74.76 74.05 17.77 35.89 75.1 52.29 67.87 60.96 42.75 46.66 18.34 18.91 40.47 49.81 37.98 10.61 40.38 10.07 10.77 10.24 8.11 7.09 9.62 12.68 4.03 12.04 6.83 12.51 5.63 
40.15 48.06 90.25 37.5 41.77 44.17 71.19 23.26 48.41 29.86 50.56 43.9 21.89 22.91 52.56 21.06 35.18 9.84 17.21 28.18 20.59 22.15 18.56 27.34 9.7 3.55 5.3 6.2 6.03 4.66 
106.1 43.86 78.32 50.92 43.75 55.05 74.92 49.43 46.9 25.32 49.67 24.59 47.09 35.57 25.35 16.57 29.61 33.52 23.87 34.04 28.6 17.07 20.91 12.91 21.37 12.56 5.83 7.4 9.45 7.4 
57.84 48.2 69.03 68.64 37.56 72.45 80.85 80.86 51.41 67.01 62.21 22.59 69 35.95 44.33 30.38 20.84 26.15 26.93 16.87 14.6 16.98 12.57 6.19 12.43 15.34 8.71 9.43 3.36 3.56 
2 0
8.62 14.06 5.84 17.04 35.25 35.1 12.48 23.42 20.93 51.78 29.16 23.59 34.68 43.29 53.59 34.19 81.49 49.48 64.49 65.16 55.17 35.1 38.31 61.99 52.06 43.74 53.7 96.15 67.93 101.33 
8.88 10.49 7.55 3.92 12.17 17.82 19.36 20.51 27.55 42.33 19.82 38.63 50.22 57.06 49.61 49.41 51.87 46.13 81.59 73.27 55.2 34.88 26.9 36.05 44.03 80.82 61.95 65.21 39.58 67.9 
5.55 6.65 11.41 10.65 7.98 6.9 10.84 29.13 9.82 29.05 28.85 11.85 51.32 18.88 23.98 16.86 35.21 64.28 37.71 19.26 68.17 23.02 82.47 65.05 63.13 93.5 42.7 25.31 67.09 58.03 
17.24 16.22 12.53 11.47 13.36 16.74 6.54 34.85 21.38 10.12 29.09 51.66 23.86 53.2 50.51 47.02 48.4 28.44 42.26 62.68 59.3 69.06 38.89 61.4 25.35 71.58 55.23 76.4 100.67 125.24 
24.85 17.65 13.64 14.58 5.63 14.35 5.48 9.15 11.34 32.07 24.62 11.29 16.43 38.47 11.07 29.97 17.3 61.16 58.27 24.81 73.5 71.31 35.3 35.93 24.67 30.81 65.63 24.56 68.29 32.37 
20.61 7.51 11.64 9.29 11.34 6.75 17.04 10.1 16.63 30.65 27.29 24.77 22.37 29.27 44.78 53.29 46.46 43.81 50.38 70.82 37.97 51.41 84.42 63.52 61.79 80.54 82.89 38.14 43.44 55.14 
11.44 33.9 20.11 14.95 7.32 12.94 14.72 7.13 5.9 15.49 26.75 18.77 31.78 33.16 31.38 23.13 21.29 39.25 56.27 47.54 35.25 23.69 47.69 53.33 57.21 34.69 80.26 52 65.33 102.36 
23.47 24.05 7.25 8.16 10.57 8.92 5.39 15.72 16.06 12.62 16.04 23.77 29.46 25 7.29 31.51 46.57 46.04 49.55 64.44 32.95 32.32 35.91 51.57 76.38 49.35 28.45 21.89 30.85 96.58 
11.48 24.37 33.17 32.95 17.33 15.81 3.84 4.48 17.58 5.24 9.88 17.03 7.9 33.93 12.15 13.71 50.97 15.45 15.99 50.12 18.8 35.13 64.82 52.78 31.19 21.84 75.91 36.37 33.62 102.85 
19.26 16.75 13.89 20.23 32.43 7.4 10.35 9.21 5.63 10.14 4.13 12.54 7.28 21.94 21.51 25.98 21.78 22.03 47.44 35.91 12.25 28.1 71.3 37.29 32.97 81.25 69.53 25.07 71.53 80.75 
47.44 35.98 50.17 16.73 23.44 30.72 14.52 10.37 11.19 6.33 12.41 9.75 17.09 11.77 14.51 21.29 9.16 8.39 14.15 12.65 26.5 42.57 38.19 28.29 58.89 59.6 35.21 51.51 40.54 76.51 
16.81 21.59 32.81 53.23 32.58 33.43 30.87 8.4 17.29 12.69 12.33 8.13 15.73 5.57 14.01 12.42 22.12 29.51 19.09 50.25 46.5 18.29 31.78 39.27 29.62 23.26 40.83 79.82 80.15 33.84 
55.21 30.18 38.81 21.4 21.74 28.39 18.22 25.2 13.77 10.71 4.43 12.38 13.59 8.87 16.57 3.86 31.13 27.83 15.68 9.08 16.25 38.31 26.8 33.89 51.13 46.58 56.94 71 88.8 52.9 
20.14 27.06 13.28 22.69 15.21 43.32 10.7 34.89 17.14 21.36 9.35 12.06 15.06 8.04 13.45 10.42 10.95 29.83 10.6 20.76 35.3 46.31 40.87 14.98 52.32 31.33 51.7 16.96 23.45 56.2 
26.04 17.71 42.53 46.32 49.76 36.62 31.06 25.64 8.98 16.41 17.62 15.33 8.91 14.56 11.77 9.48 9.02 7.95 8.63 20.14 31.11 29.12 16.33 24.25 33.72 41.3 44.76 65.68 57.45 62.51 
70.75 35.38 63.66 43.2 21.39 39.92 20.11 43.49 32.72 23.01 33.84 35.59 13.37 6.27 11.82 10.6 16.76 9.01 10.43 8.41 23.04 15.36 25.65 51.54 30.28 34.93 51.05 38.87 51.05 17.85 
59.63 67.75 62.68 62.64 49.66 22.81 20.75 40.72 26.06 10.77 25.83 33.19 21.07 13.49 6.51 10.26 15.84 7.38 11.44 10.15 24.22 19.16 27.62 31.61 37.3 28.25 46.13 27.46 21.36 56.38 
55.66 75.38 25.07 33.67 44.11 19.87 12.35 27.1 52.33 14.44 9.88 9.89 12.81 33.45 9.23 13.16 10.6 15.09 10.19 12.55 8.14 26.61 14.33 26.82 32.37 53.62 20.59 34.7 21.9 36.69 
32.99 63.78 23.43 37.59 15.46 20.4 68.8 12.78 36.33 24.67 37.73 16.61 24.71 10.04 10.94 11.72 6.88 13.66 14.39 12.59 4.26 5.51 14.2 31.44 32.02 25.26 13.12 47.01 26.25 47.12 
85.6 85.64 34.17 67.54 62.22 39.71 68.09 32.52 20.64 27.67 39.41 17.78 8.51 12.68 21.29 24.49 6.65 12.61 10.35 5.08 16.03 12.94 13.26 18.29 21.59 23.03 29.43 35.41 49.56 45.05 
47.32 71.75 33.3 33.24 25.37 69.76 14.4 58.17 26.09 14.29 36.99 37.22 33.81 21.03 27.63 27.87 28.02 5.04 8.72 12.95 10.84 13.84 8.77 16.02 30.46 7.53 19.2 12 20.06 26.32 
84.99 68.55 71.12 74.04 58.27 27.77 53.38 18.34 39.06 43.21 31.96 34.12 32.13 52.67 18.48 18.59 29.36 14.23 13.82 5.25 12.69 17.49 12.54 16.6 9.59 22.84 16.71 26.27 20.94 47.08 
49.83 53.95 67.58 22.25 74.31 52.47 63.69 39.47 54.6 22.4 50.9 13.93 48.53 48.35 30.3 21.9 16.84 23.07 8 8.95 7.25 6.52 7.5 13.52 3.93 12 32.38 14.17 21.97 8.26 
49.59 65.82 35.71 67.18 84.19 60.02 85.32 48.04 28.5 49.9 61.3 62.98 44.69 18.08 47.07 22.78 12.94 8.8 17.71 10.88 17 17.85 11.64 17.28 12.97 13.87 15.2 12.51 14.07 29.99 
30.04 94.49 86.51 98.46 79.96 37.04 31.61 65.14 26.24 25.86 34.39 69.84 48.09 27.7 41.32 43.83 22.81 35.72 24.77 13.16 18.47 15.51 12.32 7.63 7.16 17.74 8.18 13.87 35.61 26.48 
90.86 57.08 23.6 94.58 83.6 62.69 70.59 57.95 37.75 24.16 50.62 40.63 18.05 45.74 31.18 32.69 48.76 16.27 20.98 15.48 27.92 17.4 6.92 16.51 15.34 13.44 8.45 17.2 17.43 11.5 
73.99 79.93 118.74 39.65 102.36 92.37 50.33 56.97 25.02 83.28 73.85 69.71 26.71 63.58 52.53 19.65 47.21 30.52 29.91 29.71 11.49 20.38 27.79 13.16 12.24 5.17 17.82 17.14 7.32 11.11 
69.56 50.73 37.02 108.77 67.93 34.58 81.84 71.9 79.68 28.74 49.94 44.01 69.18 52.71 71.5 20.01 35.89 35.44 53.03 12.37 12.61 23.31 18.49 31.19 17.13 4.9 5.53 14.49 6.63 4.61 
125.95 67.66 101.5 30.15 86.89 29.78 72.82 30.31 74.84 88.22 69.82 27.73 43.63 42.01 55.39 63.3 43.8 49.76 28.23 13.31 13.47 23.5 23.4 23.22 28.08 14.8 16.51 8.71 8.78 13.41 
53.45 70.15 59.51 64.53 33.64 58.84 74.31 58.06 97.36 47.67 47.53 81.39 53.86 26.77 32.81 35.41 50.23 40.54 41.32 12.59 48.37 47.47 12.24 33.35 26.7 11.75 4.66 13.43 7.11 17.6 

0 0 91 89 97 0 0 26 91 0 0 44 12 72 71 0 48 0 12 55 62 96 64 0 0 13 0 0 54 0 

0 0
55 47 0 0 0 10 67 0 0 51 45 0 0 0 0 31 0 46 0 0 0 0 0 35 80 0 81 57 0 11 
1 0
9 53 0 0 0 43 17 0 0 74 0 0 0 0 0 45 0 76 0 0 0 0 0 58 26 0 29 15 0 33 
2 0
81 66 0 0 0 68 51 0 0 79 12 0 0 0 0 64 0 27 0 0 0 0 0 49 23 0 19 35 0 0 
