30 1 3

1 2 3 

0 0
1.4 5.88 3.33 5.53 10.66 2.94 4.41 7.72 4.31 13.67 6.93 10.02 22.92 12.25 26.75 8.71 30.84 30.33 23.89 15.18 20.83 10.19 17.5 31.32 28.53 27.89 38.61 24.66 36.49 21.08 
4.26 3.31 4.12 4.19 2.18 6.14 13.5 12.51 4.9 12.07 16.34 13.63 16.17 13.71 17.02 7.87 17.74 17.33 19.58 15.19 12.37 21.55 9.24 10 36.37 17.39 13.98 46.24 15.15 42.5 
2.79 1.73 2.56 1.47 5.56 1.8 10.5 5.36 9.75 13.46 7.32 20.72 5.79 11.45 25.39 22.61 19.48 15.89 30.64 26.92 12.05 32.03 28.44 20.01 32.97 31.32 32.07 33.57 35.63 31.8 
1.99 5.52 1.83 5.94 3.66 4.17 5.48 13.41 6.11 3.51 9.54 18.73 5.91 8.99 15.19 13.96 16.85 17.35 5.68 24.21 27.66 28.71 33.43 20.77 39.99 19.3 12.7 32.88 10.28 33.66 
4.65 3.16 5.84 4.78 2.19 2.8 1.76 3.07 6.23 4.27 12.71 9.6 7.96 8.32 5.06 11.26 25.33 8.32 6.59 25.84 33.17 30.28 14.12 33.41 27.8 39.77 8.56 34.48 18.34 25.93 
12.26 10.12 4.33 5.21 1.56 5.31 6.65 2.2 3.01 10.48 5.45 3.96 3.67 20.37 7.67 16.65 9.34 11.14 8.96 26.38 19.87 19.56 11.12 18.64 22.98 21.53 34.78 21.28 14.9 27.34 
7.67 12.05 13.31 6.87 4.58 5.32 2.83 5.33 3.57 3.1 6.7 10.94 5 12.88 5.98 12.78 15.6 5.42 12.36 14.31 21.63 19.21 9.66 33.96 27.12 26.14 9.98 10.35 15.39 8.63 
9.5 6.66 9.69 9.02 3.09 4.79 1.56 6.59 4.78 4.62 5.79 9.31 10.24 5.74 11.33 6.11 19.04 19.17 7.45 26.7 19.5 11.43 23.03 20.27 30.65 22.83 12.26 8.83 14.12 30.83 
10.34 9.86 13.55 11.31 2.88 3.29 1.89 3.27 4.36 3.97 6.18 4.53 12.36 12.36 11.97 12.85 11.49 17.86 4.18 5.22 20.72 8.72 5.96 6.74 18.91 17.8 7.57 24.52 23.74 34.35 
14.28 16.74 10.67 9.89 10.41 6 2.76 6.67 4.85 5.53 4.88 6.48 3.89 4.81 10.88 3.24 8.95 5.18 14.16 15.15 15.04 10.47 16.59 15.2 13.89 27.27 24.97 27.38 17.01 35.65 
18.63 11.1 6.91 9.33 9.21 12.93 11.75 5.68 3.54 2.48 3.51 2.49 5.61 3.88 7.89 5.42 13 3.44 16.59 19.3 13.36 17.31 21.78 24.97 14.31 20.01 27.9 8.53 16.53 19.03 
9.08 5.48 6.54 10.38 11.81 5.62 5.32 12.62 1.62 3.36 6.35 6.45 6.93 6.05 2.97 11 9.93 11.85 6.94 18.96 11.63 11.13 12.51 25.66 22.66 23.44 17.5 24.87 17.22 22.5 
12.76 19.8 19.04 14.72 11.21 4.33 10.34 9.51 11.85 4.26 5.54 3.95 4.89 6.77 2.87 4.7 7.88 2.94 7.26 5.98 11.35 13.03 18.56 9.7 17.96 10.72 26.93 7.25 20.76 15.37 
18.6 17.99 9.18 8.01 18.98 20.72 5.63 5.34 3.32 5.88 3.68 3.01 6.67 5.8 6.22 2.88 2.1 4.73 7.82 2.94 11.62 9.13 18.17 4.55 10.09 9.55 22.07 17.21 9.07 7.75 
11.08 17.53 26.23 6.71 19.05 17.85 15.34 13.31 9.37 4.97 6.72 5.23 6.84 2.7 3.2 3.26 3 5.49 10.39 3.49 6.57 3.01 13.16 17.1 16.81 11.21 15.27 11.52 27.33 7.13 
24.63 11.97 9.38 12.22 5.56 7.78 14.68 16.79 5.91 9.07 11.6 9.64 2.47 1.63 3.65 6.38 2.54 3.35 6.8 6.63 5.01 8.68 3.88 18.2 4.26 19.72 16.59 23.96 22.95 20.83 
9.76 20.8 10.62 22.48 6.8 13.57 18.78 11.04 19.89 9.61 7.46 5.01 9.69 1.97 3.15 3.12 3.99 3.43 4.61 3.57 7.42 3.71 3.75 9.75 14.39 17.89 7.84 8.57 22.64 13.74 
13.11 15.55 24.22 21.61 7.36 19.7 5.73 9.87 9.33 7.2 4.69 8.34 7.73 8.12 2.77 3.05 4.88 2.84 6.16 2.81 1.91 5.91 8.49 13.59 12.92 7.29 15.44 18.09 18.64 17.49 
12.61 12.47 27.42 22.99 24.28 6.92 25.35 10.51 18.93 15.39 12.94 11.05 8.98 3.38 6.86 3.19 2.77 6.24 2.48 3.79 2.36 5.33 3.3 4.23 9.09 3.63 11.01 17.82 20.6 8.9 
15.11 29.43 29.93 21.06 16.06 17.72 20.18 8.04 17.33 16.55 11.52 14.68 12.06 3.99 5.62 7.69 6.14 6.51 4.76 4.37 2.71 2.24 6.47 7.28 7.21 6.42 5.99 12.12 11.82 19.51 
13.27 9.77 20.54 18.54 29.97 17.08 21.65 23.59 22.04 17.79 13.53 16.76 7.01 6.31 10.52 3.4 6.33 3.43 2.7 5.58 5.34 1.51 2.09 4.3 8.27 8.92 11.25 8.84 17.37 9.1 
11.71 30.55 25.53 27.91 10.03 34.04 23.32 16.26 26.58 18.32 11.78 15.07 14.99 16.34 12.68 12.41 10.89 4.47 5.37 1.74 4.1 4.6 3.39 1.92 3.59 7.59 5.27 12.68 7.34 16.46 
28.4 31.03 26.01 7.36 33.85 13.75 19.86 14.12 21.96 20.64 22.21 14.36 5.35 14.62 6.7 5.69 12.03 7.75 10.64 5.53 3.13 3.01 2.78 3.78 5.57 4.49 10.94 8.88 6.41 10.49 
17.25 12.97 29.83 35.52 9.77 26.38 17.25 9.68 17.1 23.83 6.7 15.03 19.15 12.2 16.77 8.72 11.9 5.26 9.72 5.6 4.51 6.75 6.32 3.32 5.91 4.9 4.16 5.42 13.75 6.35 
45.84 33.73 38.83 17.09 16.91 32.29 15.87 13.74 9.8 13.89 25.44 22.23 17.7 5.31 9.49 12.91 14.12 10.1 3.57 11.34 6.16 4.25 3.48 5.4 2.08 1.7 2.13 5.74 9.57 13.85 
15.81 47.7 10.6 22.66 28.18 38.51 11.9 12.95 30.67 33.24 12.22 20.38 24.9 25.77 11.58 20.5 5.63 18.51 9.22 7.07 13.51 6.59 3.15 4.11 3.6 5.31 4.75 5.69 5.89 11.32 
29.66 38.01 25.1 26.05 30.97 27.03 15.06 11.07 22.37 34.66 21.5 25.35 5.67 7.76 14.01 9.6 10.32 13.72 11.47 7.16 9.4 9.26 5.37 5.04 4.23 4 1.51 3.55 6.01 3.58 
14.08 38.93 10.88 23.51 9 34.16 28.76 26.76 14.88 16.58 33.13 22.75 12.35 26.41 9.22 12.72 4.42 9.17 9.98 8.92 11.27 11.72 7.74 12.93 2.78 5.35 2.2 5.71 5.86 1.53 
20.09 22.6 46.74 16.6 25.02 35.99 24.91 17.78 28.99 16.19 8.48 10.92 15.32 11.43 12.96 21.87 19.65 12.9 4.51 11.16 17.82 9.28 9.59 9 12.08 4.56 1.68 5.79 6.28 5.64 
31.59 39.91 10.68 30.64 45.08 39.64 16.52 13.11 23.51 21.98 16.95 16.92 17.32 19.66 27.64 15.62 25.45 21.19 7.09 11.16 9.16 13.35 9.73 13.61 10.43 12.82 3.51 2.93 3.22 3.93 
1 0
9.03 9.27 12.71 4.71 16.94 7.58 9.23 8.19 20.9 28.34 30.38 10.22 46.7 49.95 52.16 31.59 25.49 69.14 35.63 60.46 22.8 17.23 34.8 72.38 35.36 54.97 27.82 76.47 54.24 59.91 
13.76 4.65 3.48 4.41 12.82 15.01 20.7 23.78 9.5 13.5 21.82 31.02 24.14 48.12 40.51 53.21 26.44 60.83 28.94 54.86 56.08 49.97 82.83 52 58.35 84.79 77.1 41.62 76.32 75.44 
4.38 11.72 4.06 4.04 10.39 7.62 11.99 18.37 9.1 20.98 19.5 23.54 29.12 39.32 23.96 29.32 37.9 37.62 59.83 45.24 54.79 27.34 63.12 49.54 57.37 70.18 86.78 75.9 95.22 43.16 
12.42 4.5 3.63 8.82 6.09 4.47 6.26 24.92 26.49 22.96 26.76 30.08 25.13 38.93 12.13 33.13 28.06 37.99 42.5 61.74 41.42 44.52 48.85 25.4 57.36 20.36 73.01 75.44 29.23 36.3 
19.39 6.85 11.73 11.63 9.77 4.29 7.52 8.86 8 11.86 23.06 13.56 37.06 26.37 11.03 11.47 21.42 52.42 13.7 28.78 60.29 52.33 14.11 35.98 33.62 45.62 79.26 55.01 49.15 25.8 
6.99 20.89 10.38 10.85 12.41 3.73 3.43 13.67 13.01 10.4 17.12 25.57 22.9 34.14 23.51 12.12 41.35 19.49 38.61 19.77 40.23 64.96 49.15 66.16 43.62 39.95 29.72 55.95 27.01 66.33 
20.73 18.69 24.98 4.83 7.68 3.33 7.3 10.86 7.19 7.08 21.82 21.95 11.6 13.71 38.51 30.11 11.33 9.25 42.03 14.1 19.91 40.15 44.11 39.6 43.31 34.5 70.52 37.31 38.06 45.91 
22.38 24.24 27.67 24.7 5.93 7.12 7.83 7.23 11.74 9.38 7.9 18.18 13.17 13.13 13.8 32.46 14.41 34.28 38.32 48.75 19.32 22.21 18.68 18.39 20.78 40.1 54.22 59.74 21.44 72.46 
34.26 10.69 11.8 8.92 13.28 7.38 8.82 10.07 9.1 5.66 8.17 10.65 24.42 19.85 22.53 25.79 11.9 22.55 30.2 11.31 46.92 13.25 54.5 51.65 15.04 50.13 59.67 44.39 30.93 39.43 
11.73 13.34 27.7 19.33 11.98 17.71 8.84 10.21 7.72 13.75 12.87 8.38 12.64 11.14 26.43 19.78 17.63 41.46 10 19.38 21.98 41.2 33.62 11.3 16.8 63.28 42.4 66.94 20.09 46.9 
33.65 39.47 15.35 8.18 20.86 20.41 13.94 5.04 4.79 13.43 6.15 3.29 12.55 7.51 16.53 17.96 25.38 16.44 33.48 34.67 10.03 31.75 35.64 46.45 32.47 11.13 26.05 51.05 52.57 68.31 
24.19 11.68 38.87 35.4 10.87 11.52 24.32 24.29 4.7 7.76 9.69 8.57 13.53 4.4 4.67 21.44 23.58 8.31 19.96 9.39 8.57 13.53 16.4 20.57 21.22 48.89 55.09 26.5 34.21 35.93 
50.98 12.48 23.15 26.96 8.87 11.48 18 23.03 21.95 3 6.48 11.29 3.05 8.33 11.9 5.7 22.14 16.12 14.06 18.79 39.32 8.66 22.88 28.36 12.83 52.68 38.1 29.15 18.31 57.2 
20.69 49.89 32.52 14.67 27.43 10.29 9.32 16.53 7.32 16.99 13.03 8.05 8.86 11.67 6.31 13.24 11.37 6.14 24.68 10.27 22.84 34.32 16.4 10.84 32.12 24.31 17.07 27.02 51.01 23.93 
36.41 40.59 53.03 26.89 10.74 21.24 23.33 27.33 11.59 18.87 10.65 13.29 5.41 12.74 8.74 6.64 5.21 11.73 11.54 21.56 6.53 24.14 28.42 29.62 37.2 34.49 12.97 14.12 33.56 27.4 
26.07 13.36 14.15 46 17.07 27.04 11.88 19.43 20.95 24.81 27.72 18.74 13.63 5.43 11.59 6.99 3.36 6.78 5.26 26.7 11.81 12 7.92 30.68 24.67 17.99 37.4 37.97 17.75 28.6 
36.69 22.58 19.48 13.21 53.74 40.35 21.92 30.23 17.74 6.65 26.72 14.74 23.48 7.15 11.92 4.97 13.81 7.42 12.51 13.33 19.04 8.9 12.59 12.93 13.07 22.93 11.89 8.57 15.86 51.2 
30.65 36.85 28.36 43.7 44.5 27.05 22.14 38.71 13.46 17.38 12.99 26.93 25.8 16.02 13.17 11.9 11.6 5.99 8.52 12.99 11.94 14.06 15.12 7.21 14.68 11.71 25.87 17.36 13.28 20.89 
24.83 66.92 30.19 51.97 22.58 51.19 27.04 19.35 20.97 17.21 35.01 16.35 11.73 25.76 11.81 3.33 7.26 9.52 7.79 9.84 6.36 4.97 22.04 7.38 17.37 12.31 12.77 25.25 38.82 31.84 
32.98 42.55 44.61 66.36 31.12 27.3 16.53 23.51 20.61 23.76 27.82 26.87 9.67 6.45 14.65 8.5 11.72 6.25 2.89 7.07 12.6 2.96 10.02 26.97 16.78 19.42 17.38 19.24 27.71 12.35 
33.1 52.1 39.03 49.35 34.31 53.78 39.07 48.92 27.17 34.4 14.14 22.09 26.43 10.54 20.42 12.86 12.37 5.84 5.67 9.24 6.53 10.55 10.76 12.36 6.23 13.3 6.05 22.14 36.11 26.24 
42.55 27.41 54.82 45.45 28.68 40.92 38.28 55.39 20.88 17.55 29.69 33.02 14.96 41.41 17.7 19.21 8.92 14.53 11.98 7.16 7.78 6.5 11.09 13.84 3.98 11.53 11.35 25.05 10.7 19.69 
57.99 32.32 64.25 42.2 63.2 19.61 47.51 16.27 12.91 53.52 17.35 30.38 38.51 37.9 38.22 9.44 20.42 27.35 6.84 13.58 4.08 13.29 5.17 5.06 7.1 9.77 21.88 27.29 15.09 16.42 
23.61 46.85 73.65 58.22 27.96 52.91 40.58 39.07 25.56 43.83 19.41 39.64 36.37 24.29 21.1 20.4 22.36 7.38 22.57 16.31 6.64 7.23 9.35 11.67 7.47 13.67 4.82 24.67 23.74 14.39 
89.58 51.62 59.39 35.85 35.74 59.25 26.61 65.64 45.88 19.59 24.81 43 27.45 34.05 18.58 19.21 27.6 21.29 12.09 27.67 16.09 4.85 8.44 10.63 13.39 5.31 13.58 9.57 24.17 24.57 
27.77 64.78 38.66 65.51 75.07 30.34 38.23 60.16 35.94 16.51 34.14 23.95 32.05 37.06 31.01 40.44 10.01 28.04 11.83 25.11 6.83 13.5 5.12 3.46 9.08 9.08 4.95 12.82 11.64 9.92 
84.88 73.03 87.6 33.48 59.28 34.69 74.93 53.91 48.37 47.04 16.4 35.54 52.5 16.9 44.91 8.86 8.53 33.16 12.14 12.64 18.07 10.79 19.45 11.21 4.72 13.69 3.59 6.3 9.14 12.98 
86.25 96.71 55.54 45.83 79.34 68.3 19.57 63.07 54.43 42.14 65.16 65.98 55.05 37.92 43.24 33.4 13.56 36.56 8.36 26.57 7.24 10.18 22.74 17.5 9.57 13.35 6.63 10.99 3.98 13.23 
78.75 78.47 31.37 52.24 78.11 62.69 59.29 28.77 18.82 68.27 45.54 35.93 25.99 37.55 36.96 12.23 14.68 28.27 30.52 10.84 11.92 21.31 6.5 19.2 17.69 13.41 10.08 12.15 8.19 3.01 
47.93 30.16 36.14 44.71 74 23.26 53.05 52.41 73.01 26.98 34.93 41.32 44.55 34.46 17.98 20.47 42.27 23.84 23.97 9.04 19.38 36.48 17.73 16.12 20.02 17.81 11.6 3.6 7.62 8.31 
2 0
6.36 10.47 15.38 15.9 15.89 17.62 35.51 7.31 33.62 36.87 30.14 36.89 44.15 56 45.26 27.83 73.8 89.57 37 19.62 79.75 100.53 72.07 83.99 99.72 120.33 85.2 86.19 46.05 120.74 
14.36 13.01 13.62 17.2 13.52 9.19 11.56 23.86 30.6 32.43 22.78 43.26 16.05 16.35 38.78 67.17 41.39 40.63 88.37 58.58 78.09 98.06 70.75 38.2 78.06 37.46 56.6 58.83 108.83 114.36 
3.61 15.81 11.52 10.1 11.38 6.48 19.69 22.44 21.62 33.68 18.43 53.67 14.81 12.84 27.37 25.92 40.23 50.73 62.7 44.81 57.71 31.46 71.79 28.42 74.86 34.33 116.55 29.43 56.7 42.54 
15.79 8.27 12.78 10.01 10.26 8.22 15.44 27.96 10.82 22.21 9.24 24.61 20.52 34.46 31.94 59.83 53.8 37 20.11 53.15 45.17 43.52 30.58 85.43 23.9 76.48 95.84 110.78 96.12 31.71 
16.95 13.06 11.14 16.5 9.36 15.85 11.81 6.82 30.34 29.77 28.5 31.73 20.62 53.11 33.32 21.88 22.74 18.93 33.63 39.15 56.21 46.42 55.59 35.2 80.33 98.07 73.24 33.76 25.52 91.31 
30.42 30.18 5.63 14.74 12.83 11.5 7.53 12.48 8.86 11.64 33.04 19.84 12.1 48.18 10.92 28.16 12.41 28.54 65.1 59.04 66.47 65.52 58.74 56.67 36.22 24.66 27.55 27.61 76.92 95.06 
18.54 12.89 18.4 16.43 12.58 7.68 16.42 16.43 16.54 11.77 28.54 11.17 26.68 22.01 19.49 29.61 14.18 26.02 22.52 53.08 54.13 45.53 21.48 87.44 66.65 45.78 36.09 88.97 63.19 65.18 
18.67 34.19 8.7 18.26 3.97 3.86 15.89 14.01 16.14 4.72 12.05 30.57 7.47 13.83 32.11 37.8 33.79 52.26 45.05 65.39 49.71 56.32 55.27 75.73 39.96 72.54 89.24 80.99 45.15 69.38 
20.75 13.04 7.83 8.52 25.63 9.56 13.61 16.15 4.36 9.71 4.84 14.75 15.57 28.58 32.17 22.14 25.98 18.06 44.02 27.34 23.17 34.19 51.47 50.89 35.31 73.96 27.84 88.41 47.37 62.84 
53.09 30.38 29.4 34.3 23.43 27.59 10.65 14.56 15.04 6.52 12.06 10.6 17.07 12.99 25.09 8.16 19.97 16.25 18.19 24.34 29.14 23.88 60.36 33.8 61.77 64.03 70.53 51.31 82.76 30.85 
12.44 13.67 15.78 24.9 28.14 15.73 35.77 6.03 11.92 6.32 5.32 14.64 3.61 15.08 28.66 9.83 31.74 25.29 21.75 19.34 33.21 11.79 66.76 31.85 17.35 58.41 29.01 20.27 75.13 63.47 
48.35 16.91 24.03 12.76 32.91 13.14 32.25 24.64 6.22 6.24 11.42 14.06 16.02 8.96 17.55 8.06 28.27 27.78 33.42 44.02 20.59 50.28 43.2 16.18 46.25 33.35 64.18 76.18 20.43 26.51 
25.89 47.28 20.31 37.59 47.92 15.54 34.66 19.29 11.06 3.69 16.52 4.31 13.37 13.71 12.86 15.69 17.25 25.13 7.96 32.51 27.22 52.65 40.84 32.19 36.02 63.62 47.82 31.84 80.62 84.78 
30.35 28.68 48.02 29.97 11.99 37.38 10.5 34.69 16.85 21.24 12.2 9.35 15.56 12.09 17.05 13.89 10.37 8.37 11.07 30.64 26.05 50.38 32.2 12.08 28.38 24.78 17.68 60.59 21.9 76.55 
34.23 64.26 20.37 45.17 48.27 34.35 22.86 28.04 10.96 21.14 20.89 13.21 10.95 10.53 11.77 6.01 16.82 12.91 29.16 31.8 21.06 24.9 35.21 40.72 17.55 11.68 43.37 28.38 49.63 69.13 
28.21 71.26 26.96 51.59 16.62 18.42 30.27 13.22 32.21 9.5 25.38 24.18 6.91 7.25 7.49 14.02 12.25 13.17 16.43 26.24 17.36 13.48 27.51 45.98 36.76 36.81 49.98 31.82 45.45 71.29 
19.89 24.03 63.77 42.05 19.21 35.43 28.09 46.16 10.85 25.98 24.49 16.94 7.31 7.56 15.82 11.68 9.8 9.11 8.43 10.89 29.44 13.13 20.7 9.45 22.83 53.52 33.07 35.54 69.91 44.25 
52.21 72.73 38.85 19.58 62.9 41.58 18.86 20.62 25.44 19.61 9.05 30.37 12.31 27.22 7.57 15.34 3.69 17.25 13.73 10.63 4.69 25.61 11.21 7.32 28.83 28.95 46.2 32.24 52.5 18.17 
31.75 60.46 66.65 67.57 20.38 22.84 69.19 40.19 29.39 31.52 44.9 30.9 17.13 29.04 13.23 16.23 5.67 14.82 14.51 15.12 17.4 15.96 8.21 23.02 13.45 9.02 21.58 22.31 15.99 31.01 
55.56 22.75 25.35 69.75 67.02 65.05 43.43 45.67 47.66 26.22 27.06 31.51 7.45 13.53 27.46 22.77 6.72 5.64 17.29 3.77 12.08 11.26 6.81 9.96 16.78 14.36 32.94 39.76 28.51 39.34 
31.1 77.15 64.75 25.03 80.85 36.97 35.79 18 27.85 22.54 16.1 22.77 21.13 26.04 25.62 34.47 11.84 17.37 12.54 7.47 13.82 12.63 9.05 12.07 26.43 23.59 7.19 15.26 41.88 28.2 
29.82 80.93 81.58 36.91 70.49 33.33 34.32 35.76 50.48 67.66 12.85 15.05 20.83 43.18 32.74 27.81 28.85 24.79 16.29 12.24 14.51 11.95 4.76 4.23 9.54 20.16 25.57 20.05 34.82 41.85 
98.41 30.86 70.35 50.78 68.26 37.03 21.44 71.57 14.59 54.85 53.23 52.73 47.79 35.49 35.43 25.1 31.79 26.1 30.56 15.56 6.53 15.66 16 16.9 8.96 17.08 18.32 25.18 25.16 26.33 
27.11 37.01 44.39 100.36 53.55 25.78 86.8 24.6 59.66 46.67 71.15 55.7 50.12 42.04 42.78 12.1 19.63 14.79 16.52 28.73 13.57 7.5 12.28 15.48 4.75 13.46 11.72 15.45 18.71 26.02 
52.95 103.41 25.63 89.66 51.77 35.37 86.81 76.55 34.22 59.47 17.45 46.36 20.61 11.93 16.99 42.61 50.57 23.84 7.59 23.79 11.04 11.47 13.3 12.42 14.06 10.74 10.13 14.69 15.45 16.86 
121.71 36.51 55.76 90.7 69.98 41.22 40.88 74.09 49.69 74.43 27.01 24.23 62.66 23.47 45.92 32.88 35.56 36.7 29.78 10.6 19.16 7.23 14.8 16.33 9.97 11.98 8.97 11.68 17.18 25.23 
107.88 87.17 123.7 73.11 103.27 65.38 36.12 67.48 89.34 54.76 77.6 29.07 61.21 63.33 18.08 13.99 20.65 26.01 46.32 33.96 32.19 16.39 25.96 10.75 9.61 16.3 4.92 16.95 10.67 11.07 
67.02 48.05 36.97 119.81 88.69 86.07 26.05 33.14 41.58 83.25 79.65 67.5 38.71 42.49 17.15 26.93 33.84 34.23 15.77 10.79 33.48 18.17 32.23 25.64 12.81 11.76 15.89 17.09 5.28 9.9 
51.34 90.21 88.72 32.81 102.05 56.51 28.69 41.43 105.71 55.72 47.61 28.85 21.68 63.42 67.24 59.59 20.28 29.49 52.85 25.5 49.61 12.53 15.11 25.31 25.67 8.25 6.53 7.07 11.66 14.09 
77.64 134.57 100.55 25.45 52.32 46.26 23.71 54.41 23.34 85.13 29.36 40.5 67.98 32.93 35.18 61.73 39.17 41.92 24.77 30.17 11.57 43.81 26.5 33.79 28.39 18.48 6.37 9.1 4.59 4.71 

32 14 0 0 20 0 0 0 0 42 21 46 0 33 61 0 4 42 60 20 0 0 0 0 0 0 0 56 12 59 

0 0
0 0 32 7 0 42 34 26 8 0 0 0 44 0 0 19 0 0 0 0 15 42 16 11 21 19 48 0 0 0 
1 0
0 0 20 19 0 24 17 10 39 0 0 0 20 0 0 23 0 0 0 0 36 30 46 1 30 34 20 0 0 0 
2 0
0 0 42 20 0 22 6 32 37 0 0 0 42 0 0 43 0 0 0 0 17 30 6 19 44 3 48 0 0 0 
