30 1 3

1 2 3 

0 0
6.13 1.98 2.33 5.88 9.52 10.45 11.67 3.87 19.44 7.5 6.96 14.89 21.49 11.91 11.07 23.9 11.79 29.72 13.15 33.6 14.12 38.31 35.41 18.16 16.05 21.9 22.46 38.92 41.49 19.09 
1.53 3.59 3.92 6.84 6.22 3.7 6.42 10.7 5.96 8.82 20.51 9.88 20.74 16.57 20.8 13.21 17.59 15.98 34.15 20.44 23.22 26.3 28.62 28.43 27.46 18.47 31.85 32.34 43.33 29.57 
4.71 2.86 6.49 2.5 6.66 4.14 9.74 11.24 11.84 3.14 10.9 9.83 7.88 13.04 7.65 17.78 21.87 13.24 16.05 8.9 30.52 15.69 21.53 12.31 21.1 18.98 19.18 38.44 37.57 39.75 
5.15 3.16 2.74 5.8 3.5 3.25 6.05 5.77 11.91 11.6 11.13 12.91 15.51 9.56 15.53 24.19 23.78 14.18 15.69 20.51 20.37 23.97 10.13 27.38 32.87 30.38 33.42 22.07 40.76 34.92 
13.62 1.93 3.18 4.48 3.01 6.15 2.71 4.83 5.98 5.1 5.5 4.55 20.37 18.37 13.32 17.59 6.95 19.2 26.43 19.3 23.66 27.85 28.94 8.05 33.75 35.11 11.69 13.77 14.98 34.92 
4.2 6.05 3.49 1.64 5.67 2.8 4.57 3.21 2.68 7.26 4.02 8.36 3.74 18.57 12.02 11.79 9.96 25.42 21.48 16.46 19.4 31.52 9.16 31.96 33.18 40.38 23.07 36.27 21.1 34.83 
3.89 4.38 3.01 4.44 4.74 3.56 3.59 4.56 1.8 6.12 2.84 9.06 11.48 9.65 19.96 20.03 10.76 13.49 12.69 10.65 20.23 14.04 19.35 30.87 33.32 20.15 26.28 25.96 23.42 34.52 
12.65 4.66 6.92 7.41 2.36 5.93 6.91 2.43 6.81 5.25 6.57 12.42 3.97 8.54 7.6 9.28 18.12 12.4 5.04 9.21 19.33 27.25 18.01 20.33 17.87 13.98 19.06 34.96 10.84 22.24 
16.69 3.19 6.42 11.86 12.1 6.17 2.48 1.58 4.43 5.68 5.27 6.1 7.78 9.32 13.79 5.07 18.29 14.13 6.96 14.05 25.57 6.81 12.3 24.22 27.56 14.42 30.62 28.99 38.67 40.93 
20.2 18.07 13.37 5.67 11.83 10.7 4.39 5.02 4.69 5.08 6.48 5.62 2.26 5.92 3.66 2.91 3.05 5.87 11.98 17.57 16.75 14.09 18.07 23.32 12.96 8.41 12.18 20.8 24.19 16.79 
19.29 19.15 12.79 8.58 6.45 7.34 12.47 1.42 5.1 5.56 5.75 5.33 3.67 1.7 6.65 5.88 7.54 12.89 11.99 7.7 10.74 12.84 23.94 6.29 23.55 22.1 23.03 17.34 21.76 12.84 
19.15 11.32 6.09 8.02 13.45 11.12 11.73 10.8 3.79 6.23 4.61 6.32 1.91 5.25 6.9 12 10.31 4.49 5.73 18.26 12.58 5.38 10.48 19.33 5.95 21.89 18.29 7.51 29.68 9.79 
7.2 16.28 9.12 6.69 10.43 7.44 7.45 6.38 13.48 5.34 5.96 4.33 5.72 4.66 5.54 5.19 5.99 8.88 13.42 5.56 12.71 6.82 7.67 16.69 24.05 11.32 13.55 21.57 33.01 21.74 
21.86 6.94 16.77 14.94 17.94 8.84 10.46 10.52 13.1 9.15 1.64 2.35 5.77 2.62 6.58 2.23 6.29 5.74 9.16 13.35 7.29 19.93 8.33 20.27 13.69 24.43 23.86 24.99 12.22 13.89 
8.92 27.23 25.83 14.32 7.36 18.36 19.34 10.65 5.23 3.62 7.56 3.42 6.62 2.42 4.05 2.62 6.19 5.04 8.79 9.05 11.5 3.49 14.92 15.01 15.99 7.08 16.29 16.6 7.28 9.71 
20.84 19.13 19.05 23.82 18.34 14.74 14.8 12.63 6.95 6.79 5.82 6.62 5.65 1.93 2.54 1.99 3.86 6.04 4.44 13.54 10.23 5.38 8.45 7.3 15.92 17.53 8.94 15.87 22.1 13.45 
33.85 9.86 22.92 8.41 24.75 9.59 19.97 13.45 4.45 3.45 7.82 4.91 6.36 1.85 5.24 5.23 1.66 4.62 4.97 3.64 4.1 10.92 4.19 7.88 20.78 19.32 4.58 18.66 17.23 12.24 
8.7 24.08 17.51 9.48 10.97 8.96 14.71 12.82 12.74 9.62 12.78 5.36 11.49 4.84 6.89 4.96 6.2 4.8 3.22 4.32 3.87 6.06 12.38 6.93 10.19 20.1 6.68 5.8 11.53 13.5 
10.61 32.73 8.28 5.74 16.12 21.04 8.7 5.36 17.18 7.85 16.83 7.52 8.6 3.17 7.39 3.4 1.74 2.28 6.13 6.11 4.57 2.21 9.67 12.85 5.39 3.87 20.18 20.39 12.95 19.13 
12.76 29.05 33.72 17.45 10.42 22.92 8.44 18.89 20 9.13 9.74 4.62 11.75 12.44 11.34 11.15 5.81 5.65 4.02 4.47 2.1 6.51 6.67 13.06 6.65 10.25 11.97 19.03 13.85 9.04 
19.8 27.56 34.14 27.8 8.12 15.66 5.57 21.71 16.76 4.35 13.41 8.84 12.02 6.29 10.35 5.02 4.87 6.73 5.75 4.07 3.18 4.3 1.74 6.29 6.11 9.78 5.15 3.4 10.92 12.98 
8.53 15.63 20.06 16.4 29.61 29.65 17.43 22.19 21.6 9.15 8.53 9.72 8.17 12.45 8.66 5.55 6.29 8.3 6.79 4.22 4.99 4.83 6.13 4.44 6.63 6.28 3.98 6.18 5.06 13.27 
37.64 26.86 28.99 23.51 19.17 25.91 12.11 19.39 22.71 19.6 19.4 19.72 16.13 8.43 15.84 7.86 2.81 11.29 8.85 3.41 6.84 4.33 1.7 3.17 4.06 6.33 13.47 6.5 8.54 5.89 
32.38 30.74 19.14 18.57 26.84 29.11 18.96 8.22 26.9 23.85 10.9 11.25 18.26 11.26 18.28 16.59 3.21 10.57 8.75 9.34 2.07 6.61 5.44 3.81 1.85 5.59 5.63 9.34 5.17 9.31 
22.78 13.76 27.24 41.32 40.46 31.74 20.66 27.18 14.99 27.31 14.97 8.03 18.43 13.39 11.5 13.29 8.83 3.4 11.19 11.69 13.23 2.65 5.22 6.36 3.52 6.5 2.58 2.15 7.45 8.07 
37 19.53 8.89 36.43 40.02 11.28 12.1 12.81 8.5 29.77 16.84 12.76 11.31 10.08 13.96 8.17 10.19 16.55 6.11 10.71 11.35 6.81 2.37 6.7 5.88 3.78 5.65 6.74 3.27 10.46 
22.55 15.56 22.74 9.56 30.78 24.82 24.65 23.13 21.53 32.86 18.38 6.59 10.92 9.87 17.98 18.37 7.82 17.66 12.02 13.75 12.21 8.71 7.24 1.49 3.38 6.1 6.63 2.94 3.41 5.95 
38.89 36.65 30.03 48.52 39.2 14.34 10.99 27.3 12.62 10.46 25.86 21.37 16.21 25.46 12.18 27.47 17.89 18.22 13.87 13.2 8.77 11.51 8.66 9.54 3.45 3.79 5.63 5.56 3.97 5.29 
24.9 11.05 15.77 26.77 17 14.71 15.04 23.48 30.26 29.17 21.47 18.02 20.98 10.15 7.4 14.54 8.78 10.58 20.12 20.63 19.92 8.27 5.43 4.74 9.35 3.13 5.89 3.08 5.95 3 
39.7 33.16 25.27 26.01 35.32 19.75 30.56 30.81 34.44 13.77 20.68 12.65 14.79 10.11 5.71 5.86 26.62 8.44 19.19 9.93 8.71 6.42 10.9 8.39 4.46 10.81 6.66 3.08 2.84 3.39 
1 0
5.21 7.06 6.83 8.76 5.76 16.37 15.98 19.41 11.14 29.67 33.89 13.22 45.35 14.4 40.72 17.97 26.88 58.89 66.46 42.25 42.4 51.28 24.93 69.49 77.97 96.04 71.1 92.01 43.14 28.68 
6.08 10.59 5.56 8.28 3.95 19.33 10.49 11.56 19.91 21.39 37.72 13.92 35.34 31.91 27.11 11.92 38.95 59.15 42.37 26.1 55.22 49.29 49.41 35.64 70.83 28.36 95.85 79.12 55.78 97.89 
4.15 7.55 4.39 13.48 8.56 13.49 15.56 17.72 14.28 8.91 18.13 26.88 16.93 33.57 33.62 41.49 18.2 13.69 23.22 25.53 63.56 29.54 40.15 43.65 31.18 74.73 60.18 65.31 56.02 86.64 
5.98 7.57 9.86 5.59 10.78 9.18 5.72 20.43 5.71 10.65 10.67 16.44 27.77 32.83 35.89 53.4 34.66 46.82 17.13 33.13 36.44 37.65 21.22 79.97 34.42 24.61 52.55 36.91 24.79 61.41 
24.39 7.16 4.91 4.28 8.46 3.04 5.93 12.08 22.24 19.83 9.12 16.21 40.76 18.92 40.56 39.97 21.89 31 26.15 44.2 57.48 52.38 54.98 67.72 17.08 39.15 67.52 43.28 94.07 92.45 
17.54 20.85 11.47 9.78 3.07 6.47 2.88 12.5 6.91 15.55 11.75 7.17 7.3 9.06 21.52 34.98 14.4 39.04 19.29 15.36 18.64 32.25 21.65 45.22 61.06 66 38.74 63.79 76.77 91.01 
17.11 11.63 12.49 4.66 13.56 2.83 7.45 6.11 13.02 9.52 23.43 17.1 9.48 12.26 31.99 24.37 34.89 34.12 21.78 38.05 27.29 51.22 16.25 29.94 55.92 18.43 63 20.13 80.18 48.92 
17.17 11.46 23 8.57 3.26 8.52 4.37 3.91 11.48 5.22 9.21 20.35 20.78 18.05 23.44 36.05 34.52 21.46 8.81 54.55 30.62 16.65 34.53 16.01 55.91 28.12 54.45 18.15 51.26 57.92 
33.32 11.02 11.02 25.95 24.56 3.82 10.19 10.31 3.39 10.16 6.21 4.8 24.14 9.11 14.35 16.64 26.95 19.04 35.59 14.97 29.27 46.99 26.99 47.92 38.8 59.32 63.64 56.82 62.12 71.29 
36.44 27.27 19.51 21.71 16.05 11.66 6.81 6.89 7.29 2.82 8.32 9.39 13.5 9.55 7.43 24.4 18.85 30.18 36.95 27.7 11.64 21.92 50.13 25.11 49.01 56.86 65.74 54.06 59.59 35.99 
33.86 27.24 24.14 15.08 17.28 23.79 14.15 9.8 7.96 12.17 11.19 5.52 6.09 13.28 16.9 8.12 10.87 8.97 16.35 33.85 13.75 27.74 42.24 45.69 48.94 20.3 17.72 37.21 59.53 35.37 
31.04 13.63 30.59 8.7 16.57 8.6 14.85 18.3 13.37 4.99 12.33 3.42 8.37 9.14 6.17 26.21 16.15 23.2 22.29 13.27 26.53 40.62 40.08 31.12 32.48 53.96 23.86 60.88 37.4 48.97 
54.68 28.22 21.58 29.68 28.45 17.81 11.69 6.33 12.27 4.89 12.98 3.72 11.33 4.94 10.62 8.9 14.52 25.88 9.59 26.27 28.66 27.1 9.17 35.36 44.44 31.85 14.47 49.62 51.23 28.13 
38.7 41.41 18.72 18.36 30.88 38.4 12.71 11.14 15.82 24.89 5.14 3.11 11.76 6.21 13.33 3.97 10.64 9.03 16.89 15.02 21.55 13.34 19.06 34.56 23.78 21.96 15.66 14.24 51.1 39.27 
12.54 16.07 39.82 16.67 33.12 28.33 8.63 5.97 7.81 23.85 27.4 11.67 5.14 9.52 13.13 11.61 10.42 6.11 8.56 22.63 18.27 8.72 40.75 40.65 39.4 37.11 52.56 38.86 37.19 49.05 
18.11 38.28 51.75 44.16 33.78 22.29 16.42 33.45 20.23 26.98 22.23 19.81 3.37 7.07 7.2 9.42 6.99 6.96 11.68 26.27 25.37 9.54 18.16 38.31 28.35 35.92 9.02 33.02 46.02 43.04 
59.27 36.47 47.71 16.25 29.26 13.18 25.68 31 34.95 9.51 20.78 19.56 19.19 10.92 4.56 9.38 12.73 11.99 3 11.52 19.78 23.86 9.29 18.42 25.16 31.43 9.79 10.4 41.74 12.5 
50.18 52.57 30.48 16.76 40.59 40.32 12.52 40.24 33.13 39.37 15.35 15.35 25.83 23.43 9.03 11.47 3.66 11.65 12.39 5.98 8.4 20.49 7.45 15.5 15.1 27.34 22.55 30.68 25.75 51.71 
46.14 41.05 38.89 17.15 16.25 37.07 20.84 36.16 15.42 24.51 26.47 16.15 10.51 11.59 26.83 4.86 2.8 4.23 12.37 11.44 8.27 4.04 11.61 18.48 17.7 26.23 22.59 13.65 21.79 12.96 
16.33 43.81 61.79 43.73 27.57 11.93 36.01 18.42 35.39 13.41 19.9 31.14 12.47 6.13 10.74 17.84 5.16 7.01 12.38 11.36 12.22 10.81 2.81 18.95 17.39 27.09 27.06 10.42 14.78 33.58 
52.61 44.82 35.56 68.94 27.08 33.33 50.65 43.66 33.67 16.38 26.68 8.87 32.92 9.34 21.44 20.92 18.67 6.4 12.28 12.74 9.66 6.82 10.07 5.25 19.83 10.28 11.84 10.01 35.85 17.73 
19.22 29.09 67.64 44.15 21.08 27.11 52.64 27.06 45.24 14.58 32.46 19.93 18.99 33.02 8.36 10.26 21.35 5.58 7.73 11.5 12.11 4.47 5.72 5.14 4.77 11.67 21.05 17.79 12.22 26.3 
24.98 62.53 53.67 51.02 61.45 62.54 47.61 17.59 43.14 44.44 13.05 16.76 8.66 14.08 34.54 17.79 22.89 21.88 17.38 12.53 13.65 5.94 12.85 7.99 6.42 5.93 18.83 11.93 16.26 14.1 
26.18 27.58 43.31 19.22 48.35 60.4 36.19 40.66 53.47 32.94 50.59 54.15 9.49 37.18 14.73 26.94 14.48 18.25 16.8 12.77 10.48 10.11 7.27 6.45 9.16 3.64 12.43 9.99 13.86 7.1 
45.93 59.05 26.67 26.85 64.67 54.94 35.55 54.48 59.97 31.02 14.65 53.65 22.91 40.47 19.78 39.42 12.78 16.84 14.32 24.16 19.66 5.21 13.79 3.77 13.48 9.32 4.37 4.03 16.25 10.87 
38.82 84.61 59.98 42.32 46.18 49.55 52.01 61.71 30.56 57.89 29.03 11.92 41.01 17.09 15.23 19.81 36.73 37.46 21.66 9.5 22.79 12.01 3.16 6.25 8.4 6.21 13.16 12.57 10.48 19.22 
41.75 45.51 38.62 31.37 71.21 74.3 78.19 18.38 37.68 20.98 17.79 49.86 29.37 37.3 20.42 25.47 28.38 20.62 32.53 17.04 25.38 25.08 13.11 11.37 3.86 4.53 9.37 12.49 9.69 4.84 
26.48 61.04 92.4 25.68 61.32 32.92 35.75 47.95 29.24 53.41 47.61 64.71 42.13 21.25 18.92 43.08 39.65 24.99 37.31 40.21 14.66 7.64 18.66 7.44 10.1 3.26 11.13 13.44 12.73 11.07 
54.62 68.6 95.34 75.83 67.94 64.55 23.82 39.66 51.44 55.2 67.4 19.18 37.05 22.82 31.88 34.25 13.34 12.35 38.37 21.61 40.4 20.77 19.52 10.95 23.37 7.42 3.79 11.16 7.88 9.3 
52 48.07 60.63 59.42 80.03 93.05 20.57 27.09 44.83 41.1 15.49 35.77 26.91 60.53 36.94 49.38 52.8 47.57 22.28 30.24 38.64 22.42 13.61 22.96 14.24 5.82 8.87 10.12 11.31 8.07 
2 0
15.81 9.68 17.18 10.36 8.58 18.79 21.08 19.46 18.04 12.66 38.78 30.8 35.14 48.06 53.98 37.29 65.06 57.51 75.06 68.43 28.56 70.22 99.48 37.85 122.17 56.79 116.58 70.23 89.1 34.17 
12.61 14.96 7.93 12.33 8.94 32.49 23.73 21.25 20.88 44.95 25.38 46.56 36.93 55.92 66.21 64.85 26.22 21.66 73.18 78.48 83.79 106.14 92.48 75.97 50.7 75.51 72.28 68.83 118.19 123.21 
14.81 12.48 9.75 5.01 7.73 16.66 25.97 23.35 20.16 16.48 51.72 48.13 31.07 45.72 26.96 60.04 41.52 20.91 76.05 24.74 68.31 71.67 35.13 76.19 90.46 77.27 72.91 87.92 102.16 62.39 
9.01 4.82 13.49 9.33 14.32 8.03 15.82 20.2 28.1 22.65 15.76 24.28 16.91 34.54 30.53 20.97 26.34 37.29 67.16 59.48 82.56 18.05 85.91 34.87 88.39 92.35 93.61 78.78 88.42 60.56 
27.45 11.03 15.25 12.09 15.11 13.54 11.66 7.73 34.21 32.7 12.52 10.44 17.09 49.43 29.75 33.54 20.16 37.43 69.16 44.99 53.98 60.84 20.44 19.76 99.67 62.89 81.34 106.9 42 50 
14.99 14.59 4.17 15.15 9.94 17.74 4.77 15.62 3.67 26.64 19.01 18.82 14.98 48.27 29.34 34.4 27.75 29.51 20.27 64.07 42.78 52.4 81.16 55.52 84.05 38.86 98.15 79.83 63.42 112.34 
19.54 29.36 7.95 13.58 9.7 13.51 5.44 6.3 16.38 6.52 17.7 33.18 7.85 27.75 49.03 40.08 53.63 43.77 54.95 14.5 18.79 27.73 55.31 75.39 27.09 71.08 58.67 51.28 30.9 41.16 
18.17 20.4 26.46 10.89 13.28 15.12 9.77 5.96 9.23 9.35 3.66 12.61 9.85 12.33 19.83 13.89 36.53 40.46 14.64 19.27 28.12 58.58 45.45 72.2 45.23 42.33 69.19 78.79 72.06 26.36 
40.12 11.35 14.98 8.81 17.05 8.81 5.85 10.74 11.11 14.32 9.49 5.17 24.37 13.69 29.72 21.07 21.06 21.54 37.24 24.88 35.41 18.28 14.8 36.09 84.05 34.07 23.58 33.83 66.75 85.55 
35.27 41.33 25.46 35.11 27.15 13.68 7.96 11.57 11.72 10.47 4.83 10.66 3.83 9.43 14.66 29.51 13.04 36.2 49.35 34.91 45.64 31.87 65.33 32.2 24.9 47.73 57.25 86.42 37.72 94.78 
47.23 30.35 41.53 20.64 33.18 29.84 31.75 15.38 15.31 15.32 5.81 6.84 9.31 17.7 27.19 17.34 35.27 16.9 22.08 12.93 45.18 47.19 55.24 49.58 21.44 39.62 24.9 35.97 65.07 75.11 
23.23 50.22 26.9 24.03 22.01 15.04 16.61 12.94 12.33 17.57 11.54 7.78 8.28 3.62 12.95 16.79 24.39 14.78 11.57 29.37 12.19 19.08 21.08 41.88 43.41 44.61 68.49 26.16 34.6 20.73 
36.89 16.45 14.79 27.44 19.72 31.39 25.09 31.44 25.77 8.54 10.29 5.03 12.07 5.76 12.88 15.74 34.26 12.73 22.24 19.21 35.92 37.26 42.65 16.5 38.12 35.26 16.2 48.77 63.18 19.56 
27.61 55.14 45.36 48.22 24.39 32.8 31.65 25.38 31.34 26.97 11 16.37 12.16 16.37 9.5 12.2 15.59 24.03 15.12 28.28 33.87 41.26 31.6 31.29 43.97 58.2 38.9 68.01 59.44 65.78 
64.27 65.09 65.46 53.05 47.22 30.42 21.33 30.74 13.59 15.31 11 4.89 10.63 4.19 15.43 8.27 16.58 16.15 29.23 30.91 23.2 26.44 50.8 23.86 30.88 38.06 52.46 58.1 31.06 23.55 
67.24 62.89 57.65 40.33 17.93 25.84 27.31 47.96 30.75 10.88 25.48 19.36 12.4 5.22 4.09 11.15 12.68 13.08 8.87 14.22 20.86 34.53 24.54 21.12 23.48 39.11 34.73 56.71 20.95 47.9 
83.94 45.09 28.66 45.06 59.28 32.71 17.94 14.64 18.67 24.38 25.65 22.29 30.76 13.98 11.62 12.29 11.02 12.37 5.87 9.85 21.56 7.37 11.44 11.03 16.71 19.96 30.19 32.56 24.75 41.34 
87.88 51.54 22.37 19.63 27.73 38.08 47.79 48.21 17.58 21.97 33.54 27.23 34.91 18.38 16.6 16.2 9.33 6.44 6.71 4.91 6.38 20.69 19.03 21.23 10.87 24.41 44.51 49.21 31.49 63.83 
30.46 56.88 36.25 39.21 53.18 36.62 71.43 29.79 23.59 27.1 35.03 27.29 12.13 28.14 27.3 8.98 9.78 12.45 13.95 7.87 8.1 7.76 12.65 32.02 24.9 8.8 50.23 20.82 14.16 15.69 
26.9 19.68 73.71 68.14 21.15 30.4 24.02 43.98 24.28 47.87 45.75 50.08 34.79 8.14 19.52 29.95 9.54 9.62 8.45 13.63 7.45 5.01 16.47 9.09 14.45 7.33 8.24 15 18.19 27.74 
61.18 35.2 73.59 58.7 63.74 55.47 65.17 48.15 23.3 15.06 37.61 19.3 33.56 18.13 9.76 26.07 9.65 11.05 8.32 14.23 17.63 16.72 17.07 11.78 34.8 30.35 11.35 22.99 53.62 12.46 
82.31 29.53 37.83 30.04 52.9 43.4 60.85 37.28 16.42 55.94 14.51 23.33 11.43 21.68 35.22 27.89 31.16 29 9.89 4.59 8.28 15.65 5.17 4.85 14.91 20.64 18.98 19.65 15.36 30.11 
41.29 50.28 63.63 46.8 73.92 41.32 87.22 44.41 57.55 47.98 25.89 46.55 24.37 44.24 20.87 10.46 9.88 33.14 14.34 7.96 13.56 5.55 17.09 10.73 16.4 4.57 8.05 16.59 8.6 18.57 
85.85 101.25 96.9 61.87 64.3 30.77 27.3 66.07 47.44 42.88 33.41 22.7 18.15 46.67 15.24 44.11 26.85 11.4 13.49 33.95 11.24 4.1 17.45 17.15 8.83 14.71 16.47 28.49 8.03 20.49 
84.44 79.87 44.28 63.7 62.97 86.82 50.95 22.12 45.98 54.2 33.82 70.43 61.39 52.8 49.19 29.72 37.3 8.07 19.44 7.2 10.2 15.62 4.3 10.48 7.49 7.2 10.01 3.84 10.08 7.97 
56.42 122.9 77.98 89.55 40.68 101.4 89.49 43.66 44.38 50.79 45 38.3 67.69 68.8 49.27 11.34 30.93 16.68 33.79 30.81 12.22 24.5 16.56 13.44 8.06 17.18 11.27 8.49 13.52 31.48 
113.68 112.25 81.08 84.99 87.86 88.6 78.81 40.31 74.1 35.31 87.2 47.5 39.47 36.84 53.46 39.91 38.4 20.06 17.5 12.76 7.67 34.85 15.83 6 6.17 11.79 17.84 11.15 12.01 4.08 
51.32 42.45 28.19 49.6 73.42 57.13 53.18 40.54 39.05 89.05 61.1 33.9 14.56 37.17 65.14 54.62 35.88 41.25 34.53 35.69 17.82 26.18 29.23 29.99 15.55 6.24 16.46 12.49 16.86 4.89 
47.72 93.13 122.49 43.16 99.33 35.63 59.55 59.74 89.09 33.83 51.22 61.02 62.73 68.37 36.59 53.29 46.92 52.17 22.87 48.24 33.25 10.87 26.78 17.88 35.16 6.3 10.14 9.71 9.78 17.8 
39.11 61.74 116.77 40.57 54.61 58.97 73.96 79.07 40.69 25.92 37.19 48.05 31.4 21.72 38.93 18.61 24.79 69.66 14.24 24.53 14.03 22.55 31.74 33.56 30.73 34.12 8.4 11.44 10.92 17.2 

0 0 51 30 32 75 0 45 60 0 0 52 42 51 0 0 0 74 50 0 36 0 5 0 0 9 0 74 0 0 

0 0
0 22 0 0 0 0 17 0 0 41 2 0 0 0 15 13 50 0 0 22 0 40 0 16 46 0 4 0 3 47 
1 0
47 42 0 0 0 0 13 0 0 19 31 0 0 0 1 6 42 0 0 10 0 12 0 33 29 0 8 0 13 32 
2 0
35 17 0 0 0 0 13 0 0 21 29 0 0 0 1 11 21 0 0 31 0 44 0 42 22 0 43 0 31 32 
