30 1 3

1 2 3 

0 0
6.42 3.42 4.95 3.98 5.44 12.46 6.87 4.93 13.03 7.83 9.68 17.03 21.81 11.24 17.33 22.99 20.34 25.16 33.3 12.6 34.74 40.01 23.2 24.42 14.02 38.62 30.06 39.68 28.07 14.79 
6.04 3.85 2.56 3.97 5.66 10.34 10.42 7.6 12.97 9.79 4.23 8.21 18.41 22.46 14.98 17.64 27.18 30.61 27.39 23.45 29.03 9.12 33.13 38.86 26.97 21.75 45.4 45.07 27.35 26.39 
5.76 3.41 3.17 3.65 2.35 3.35 4.79 5.85 12.13 7.98 11.49 5.78 16.04 18.86 7.34 27.33 8.77 9.42 27.05 22.92 19.79 18.58 38.03 17.89 18.02 25.04 21.07 25.7 39.63 13.96 
4.2 6.23 2.98 3.55 6.38 5.74 5.67 10.9 3.87 9.16 5.07 15.02 19.01 18.5 10.36 10.61 25.28 23.88 16.57 9.18 28.53 14.97 30.43 20 26.19 15.28 37.82 34.9 26.39 41.54 
3.64 3.85 2.19 2.17 6.56 6.14 6.39 1.68 7.22 6.55 12.71 10.34 7.27 7.38 18.93 9.22 7.66 14.36 12.68 16.01 34.42 27.18 28.78 23.89 24.36 29.63 14.41 34.43 44.4 42.02 
7.36 12.17 5.04 1.65 6.84 5.35 5.23 6.94 3.1 13.48 12.24 13.25 3.94 12.2 5.83 18.02 15.76 13.88 14.51 17.52 18.27 31.17 8.19 10.28 8.67 22.92 20.49 27.33 22.98 40.42 
9.22 3.42 6.58 1.86 5.5 1.87 5.82 6.62 3.79 4.62 11.15 9.03 6.46 6.58 11.07 14.93 6.95 18.16 11.02 12.47 10.61 24.13 34.59 28.33 34.14 28.59 27.21 39.99 38.39 23.55 
3.63 11.51 4.14 12.34 6.78 3.67 6.68 5.6 4.28 6.67 6.57 12.74 8.73 4.65 7.71 10.25 15.31 14.52 12.76 6.02 8.2 19.48 25.56 20.9 9.76 25.9 7.73 34 39.13 28.64 
19.26 9.93 2.93 4.02 9.43 3.13 5.33 6.82 3.25 3.01 2.7 5.02 12.48 11.36 9.47 6.99 7.6 18.71 18.65 14.8 9.57 21.22 17.86 8.21 11.55 28.6 22.23 32.21 19.08 31.09 
11.06 6.79 9.37 8.43 6.43 12.61 6.94 1.46 4.87 2.65 3.23 6.63 2.43 10.98 12.16 9.06 9 5.51 4.78 16.82 7.06 21.3 7.81 22.47 15.48 30.96 11.62 33.16 11.59 26.15 
19.25 14.84 20.28 9.61 9.3 7.89 5.67 1.47 2.59 1.87 3.87 6.24 5.78 1.45 11.37 10.33 6.56 4.6 15.33 11.41 16.88 19.94 25.37 19.44 8.32 18.53 16.63 13.2 19.77 15.37 
19.59 11.15 16.26 9.12 4.76 6 12.97 13.16 2.49 2.37 1.65 2.51 4.42 6.49 6.78 11.74 8.91 10.9 11.23 20.59 18.38 18.95 14.49 14.24 16.61 26.9 5.61 9.76 19.92 30.21 
5.72 7.38 20.21 7.63 14.78 12.07 6 11.28 3.04 3.65 5.21 6.04 2.49 4.43 6.73 4.96 8.71 10.47 5.37 13.06 11.09 20.57 15.55 6.93 11 7.28 19.18 7.19 17.88 28.33 
20.36 19.47 6.99 20.51 13.62 9.6 7.22 13.63 5.09 12.87 5.51 3.47 3.82 2.75 2.97 6.11 3.54 9.53 8.89 3.32 10.37 5.54 12.76 14.86 10.69 11.68 20.74 6.07 6.07 9.63 
24.75 18.51 15.94 17.38 16.16 5.35 7.25 13.67 10.34 13.51 8.23 6.22 3.21 3.46 3.08 3.75 5.94 3.42 4.67 10.1 8.27 6.02 19.65 17.42 7.22 20.33 24.77 16.8 14.21 11.7 
20.28 26.62 25.23 6.9 4.94 17.86 18.14 19.01 7.41 4.57 3.38 9.25 3.36 1.82 3.78 6.74 3.08 2.43 2.69 12.53 6.27 12.99 5.53 18.61 6.69 11.6 11.54 17 19.96 15.08 
13.06 25.94 19.53 12.88 24.12 8.39 8.07 12.15 6.02 12.84 3.04 9.82 13.84 2.16 5.11 2.73 2.04 5.53 4.79 2.06 12.25 10.66 8.13 11.62 5.8 8.45 15.55 7.39 10.62 13.38 
33.07 31.74 15.3 6.88 9.39 21.52 20.78 16.6 12.86 17.65 8.61 9.54 12.97 13.34 6.36 4.01 6.75 3.35 6.1 3.31 4.47 9.37 12.96 10.63 13.75 20.42 16.47 20.27 4.52 27.25 
17.38 9.4 23.59 6.32 21.48 24.24 21.06 10.48 13.54 15.09 5.09 4.38 8.12 8.61 4.7 3.87 1.63 6.7 3.76 5.2 4.19 3.71 9.64 11.23 9.09 5.58 17.64 11.29 8.7 13.16 
29.47 21.43 24.5 30.85 8.59 11.39 8.5 15.31 17.02 10.01 14.59 14.6 9.81 3.76 11.44 5.12 1.47 2.67 4.91 4.16 6.35 5.81 3.4 10.03 7.7 8.95 12.29 8.43 13.71 10.83 
15.1 22.14 30.87 16.11 24.96 13.17 21.52 11.68 9.27 5.12 6.03 11.82 7.35 12.06 10.73 8.71 9.82 2.8 5.98 2.48 5.7 4.34 6.17 4.27 3.99 11.36 11.97 10.47 16.45 6.85 
27.17 22.5 19.3 23.4 10.67 26.01 27.36 21.81 9.42 6.65 15.99 19.65 14.04 9.34 4.62 13.8 7.41 10.03 5.04 2.9 2.22 1.52 4.05 1.52 4.09 13.54 12.05 8.66 10.84 15.27 
10.79 39.72 32.61 15.69 15.76 15.57 27.59 20.18 7.71 22.48 27.33 18.15 5.15 9.61 8.31 6 6.85 6.54 8.39 6.38 6.23 6.48 5.15 2.31 5.05 4 9.15 8.86 3.25 10.59 
16.62 33.5 29.37 11.9 25.32 11.47 22.08 17.11 27.02 7.63 13.58 21.01 8.81 7.29 19.36 13.24 5.74 9.06 8.49 9.92 3.66 1.42 5.32 6.22 2.87 6.16 2.17 12.79 9.35 13.13 
34.35 12.05 30.33 8.94 11.28 26.08 24.13 16.47 14.17 15.7 10.75 19.27 6.73 9.65 18.49 19.35 10.53 12.94 13.77 3.74 5.41 2.55 2.56 6.87 1.39 6.07 6.5 2.11 9.99 12.53 
35.43 13.02 39.02 28.21 21.16 18.07 7.59 14.15 21.14 21.17 5.57 12.46 8.46 19.84 10.04 20.58 7.11 6.08 13.66 11.64 13.01 9.24 1.77 6.22 4.98 2.18 6.87 4.61 5.87 11.35 
41.75 28.86 31.56 16.53 29.09 9.6 8.38 12.51 32.55 32.34 32.06 19.06 21.29 20.81 14.45 10.19 10 12.9 9.7 4.76 9.76 9.29 10.75 4.53 3.88 6.89 2.04 1.65 3.15 6.15 
19.32 24.1 17.74 23.94 32.53 39.6 37.03 19.71 13.71 10.94 12 14.96 6.12 24.39 21.91 13.95 19.85 16.54 4.84 9.72 3.79 11.27 10.03 10.58 2.46 3.21 5.4 4 5.1 4.49 
13.09 28.34 37.58 20.87 19.16 30.07 16.54 40.62 13.96 19.36 7.06 15.44 9.71 17.56 22.2 21.83 24.22 7.57 17.68 13.22 9.56 6.47 12.44 11.91 11.52 4.74 3.13 6.63 2.21 5.45 
11.67 47.6 34.12 20.8 42.79 35.61 17.93 9.63 37.21 22.42 20.23 16 16.09 25.03 25.1 13.66 19.22 6.53 7.23 4.49 7.85 9.11 2.88 13.56 11.06 9.17 2.35 5.68 2.54 2.88 
1 0
5.98 10.53 8.06 11.71 21.77 18.58 7.96 15.87 26.05 25.51 29.91 13.64 45.42 33.85 20.41 35.33 23.5 41.79 48.26 23.92 46.96 23.74 25.15 24.14 58.86 86.07 54.51 30.07 72.42 107.65 
9.96 3.51 4.2 4.58 11.15 24.37 23.93 23.65 20.99 37.73 40.99 34.78 21.7 28.28 12.09 22.94 38.49 20.99 44.58 68.32 34.52 43.57 31.86 26.12 55.02 64.93 33.14 54.98 74.68 28.93 
5.02 8.02 3.74 3.1 7.92 11.25 19.41 20.57 24.74 7.77 30.25 28.28 37.11 13.7 41.68 45.9 52.43 51.26 46.33 59.62 33.64 23.77 29.69 23.06 60 61 84.26 38.95 38.26 79.64 
9.59 12.6 10.34 8.75 3.73 10.63 3.82 8.66 9.51 7.12 7.38 13.55 37.4 14.69 35.07 15.66 38.15 51.82 30.57 34.5 62.28 34.89 56.74 28.76 79.75 40.78 23.76 66 42.38 78.87 
10.37 5.57 8.58 13.44 9.25 11.72 7.45 7.49 18.9 24.01 6.42 15.82 8.46 12.02 16.6 21.43 19.97 11.64 46.33 11.59 56.17 14.84 28.9 52.12 68.27 82.36 17.82 80.93 39.5 40.33 
14.02 26.44 7.14 5.35 6.5 6.71 11.28 6.45 12.76 20.09 13.33 11.96 13.53 39.75 22.79 24.68 32.36 15.47 21.61 19.5 29.03 66.22 36.22 47.04 47.24 70.71 24.53 49.65 38.18 44.65 
6.7 14.6 17.72 11.09 12.15 13.53 8.09 11.35 6.9 9.11 13.51 6.33 16.28 24.71 35.81 17.05 23.62 16.16 22.89 26.76 50.11 48.37 21.25 27.86 21.66 29.23 64.43 80.44 39.01 50.91 
12.59 16.97 21.36 8.99 5.9 6.27 7.51 9.7 12.89 9.23 11.87 14.27 20.33 13.38 26.12 35.52 30.11 35.58 23.16 41.48 50.15 27.13 49.82 18.11 25.25 20.96 15.94 58.1 50.24 49.69 
33.1 22.36 27.3 11.45 22.16 3.4 3.87 12.97 11.39 5.66 4.16 11.64 23.61 7.09 21.6 17.85 21.22 18.86 28.08 30.77 12.94 37.21 37.68 32.55 55.17 64.71 34.72 37.14 45.75 57.34 
37.53 39.94 15.35 24.28 23.9 27 13.3 3.49 8.85 2.78 6.22 12.18 4.31 7.84 13.06 11.73 15.79 33.03 20.08 22.78 39 35.23 18.92 15.62 32.68 26.95 58.41 29.7 65.59 58.68 
40.44 29.1 34.4 5.55 12.33 12.22 25.55 10.1 7.03 8.72 5.1 4.48 5.31 5.74 16.74 23.88 20.16 7.87 36.36 14.17 11.42 13.33 31.03 46.57 13.8 45.96 49.23 30 21.52 14.61 
31.38 39.11 25.85 23.27 10.01 16.26 27.66 17.97 11.43 3.3 7.25 5.4 10.48 4.22 8.43 12.22 12.39 26.79 12.67 9.62 36.97 17.26 30.22 26.6 34.07 31.9 19.39 47.58 23.81 40.35 
38.59 36.2 8.54 12.23 18.62 11.76 8.64 14.23 26.75 13.42 9.09 8.14 9.89 6.5 9.93 12.05 25.9 19.73 9.19 8.69 13.43 40.9 26.35 28.03 50.12 47.64 11.11 21.6 32.05 66.11 
23.06 45.74 38.3 21.69 33.41 31 22.89 21.47 19.73 24.95 7.28 11.04 12.85 13.65 2.91 7.35 10.93 12.98 27.58 25.04 10.4 30.96 17.15 15.91 39.64 49.88 27.55 23.12 24.43 38.47 
34.97 36.31 15.43 19.72 22.12 16.8 19.86 22.13 20.93 22.58 22.69 5.42 6.65 3.53 13.49 5.09 10.63 7.74 20.38 24.31 6.9 17.13 13.26 26.02 9.88 24.81 17.63 55.36 34.44 24.22 
26.8 14.91 17.89 40.95 37.73 23.62 20.81 36.71 21.71 7.78 7.22 24.27 9.91 13.25 9.13 13.7 7.71 8.23 5.09 24 9.6 22.08 10.56 40.86 13.75 18.63 13.97 50.92 23.45 11.21 
42.77 29.22 38.91 47.35 46.15 36.55 37.61 27.83 34.25 17.94 13.83 9.62 10.86 11.27 7.05 9.54 9.89 7.88 9.15 11.77 11.53 13.55 6.53 18.07 20.8 27.02 8.39 17.79 37.12 53.54 
40.78 18.58 24.95 12.23 16.32 53.09 19.88 11.43 20.61 19.4 14.49 19.72 11.92 7.64 11.43 11.17 4.6 2.88 12.78 6.8 4.11 23.38 26.18 10.78 6.7 41.33 14.18 24.81 39.5 28.07 
43.36 47.2 66.5 37.59 39.39 31.96 26.84 22.96 8.46 35.38 30.46 15.87 23.42 11.53 5.69 9.29 9.11 7.77 4.76 3.59 8.15 7.98 13.9 22.52 16.87 7 9.5 37.35 10.9 38.47 
56.57 24.23 42.75 23.05 50.23 13.21 11.86 54.22 21.6 38.88 15.67 35.57 8.08 25.65 12.78 17.33 9.42 3.6 11.31 12.58 10.04 12.64 6.08 15.8 9.3 19.82 19.12 37.06 36.81 15.19 
37.24 59.76 60.18 65.77 33.28 28.44 34.55 15.59 44.4 30.48 36.33 30.31 32.94 12.82 7.6 21.85 7.44 7.33 10.16 9.68 11.78 8.33 12.24 10.53 6.31 26.18 24.51 6.56 12.21 10.05 
43.66 26.69 62.89 24.97 69.17 43.01 15.42 29.93 18.37 36.79 38.94 28.09 35.12 28.32 18.51 26.94 5.72 9.68 13.71 11.66 6.49 13.36 7.4 4.46 3.49 25.55 9.22 13.71 12.71 16.11 
29.24 47.02 57.16 14.93 46.78 62.14 50.05 33.59 16.52 47.47 15.27 23.58 21.25 31.75 39.75 12.87 6.85 22.36 12.19 10 10.66 8.34 5.77 7.76 9.26 3.81 19.08 6.73 26.51 9.46 
82.65 25.11 34.89 37.32 37.13 29.43 14.54 46.65 43.42 15 13.97 34.9 30.17 37.37 34.95 36.63 15.4 7.63 22.15 8.77 7.63 10.3 10.81 5.21 10.14 4.38 9.37 27.49 24.27 24.74 
51.07 60.78 70.79 36.64 23.16 27.96 59.56 44.98 41.31 12.03 41.44 16.98 48.66 39.62 15.67 12.05 27.65 23.16 6.02 23.22 17.1 13.52 13.04 13.54 5.8 9.05 5.45 10.89 5.8 25.67 
31.12 35.36 41.28 19.45 34.62 82.17 50.92 32.29 60.43 49.49 19.01 43.28 33.67 18.25 30.64 35.09 14.53 29.02 26.34 10.01 26.02 27.66 8.58 8.06 6.03 7.08 7.02 3.42 5.63 17.93 
71.93 44.53 92.86 23.17 45.25 45.45 41.57 17.61 29.03 69.14 42.43 31.63 54.58 18.89 43.24 19.97 9.03 18.51 41.11 5.66 24.57 19.85 26.15 12.87 4.84 6.38 3.98 13.28 12.36 4.14 
58.07 68.32 74.98 28.68 61.67 64.81 80.86 73.97 51.12 18.99 40.71 19.75 52.35 16.29 37.69 44.35 21.08 26.03 30.4 9.34 7.33 5.99 7.99 18.94 6.65 7.32 5.22 9.14 13.47 11.89 
49.16 26.34 41.37 66.56 60.95 55.42 71.28 44.52 25.68 28.31 27.05 28.26 22.26 52.12 19.78 49.06 34.01 32.64 10.62 14.86 29.75 27.04 26.94 18.44 11.02 7.93 3.05 3.01 9.61 10.45 
65.45 52.24 25.26 34.56 55.17 82.1 71.29 43.77 75.78 61.67 62.85 39.84 51.55 37.44 29.18 16.55 31.25 14.9 41.35 18.63 38.16 24.57 12 17.04 9.17 22.41 9.41 8.53 6.43 13.1 
2 0
11.83 5.01 3.82 11.11 9.42 31.07 31.76 13.45 19.38 44.56 22.96 45.98 38.95 52.47 20.73 51.56 29.04 41.88 19.34 26.69 60.74 90.85 48.2 50.96 73.47 119.66 88.3 96.02 119.14 94.95 
7.17 10.48 10.22 7.7 17.89 30.39 18 21.83 19.46 16.99 29.56 22.26 25.4 45.11 21.82 23.24 26.68 74.04 36.52 80.96 67.35 97.74 36.55 22.56 76.77 105.06 61.77 46.01 125.06 132.52 
14.26 12.11 15.41 7.31 10.41 11.51 31.87 34.84 26.95 24.66 10.8 43.11 50.3 39.46 65.44 23.65 49.73 29.71 32.47 41.8 59.64 27.87 79.86 94.52 77.32 83.08 80.04 87.62 73.35 113.08 
9.42 7.64 15.19 12.12 5.82 3.93 17.41 28.36 9.53 18.8 8.28 42.05 40.63 13.11 33.75 30.07 36.59 57.03 61.79 83.95 57.05 76.75 39.39 72.79 35.67 59.47 62.82 115.9 85.16 85.32 
8.44 9 11 9.36 3.6 9.15 13.16 11.62 33.88 35.02 22.73 23.75 36.77 21.21 33.78 36.41 61.72 52.09 53.84 35.17 79.27 76.23 62.48 39.32 42.53 23 84.56 32.38 68.03 60.11 
15.05 8.28 16.87 9.61 9.14 15.92 10.63 11.66 13.49 12.55 8.28 25.96 22.35 52.1 41.93 24.34 30.37 40.38 71.36 52.81 17.68 27.21 86.23 48.41 69.13 51.62 99.42 60.09 53.73 65.01 
18.82 24.33 34.75 14.76 13.01 17.9 10.55 7.65 12.32 10.61 20.45 28.81 24.47 20.89 42.46 13.54 49.11 48.91 31.25 27.78 65.68 39.83 29.89 31.24 55.62 19.23 22.73 29.29 58.43 40.27 
21.12 29.56 21.13 35.41 17.23 6.4 9.6 9.09 13.43 8.3 15.63 16.39 10.82 25.59 24.33 28.35 22.22 29.21 43.22 53.31 60.03 18.69 16.73 46.09 24.5 68.49 27.8 76.1 74.62 35.77 
37.24 33.97 32.17 31.02 32.87 12.5 9.91 6.35 4.36 5.47 7.44 13.43 30.84 35.6 28.18 29.03 38.86 40.73 37.57 37.69 21.19 25.62 49.5 51.5 61.04 33.07 40.55 81.96 65.2 30.02 
33.42 43.17 33.65 21.2 28.42 11.15 3.85 9.36 11.27 6.51 4.42 4.69 16.76 9.36 17.56 13.3 13.93 34.74 13.12 48.3 41.77 29.24 68.64 55.82 31.61 28.83 46.63 80.7 70.12 106.29 
32.8 11.45 38.78 23.31 20.55 8.69 27.52 8.18 9.23 3.64 7.11 6.4 11.97 8.42 28.11 14.35 18.78 21.07 32.18 10.89 42.77 43 64.73 69.61 34.73 33.02 41.17 40.86 83.82 64.1 
37.64 21.5 18.63 43.98 30.29 31.06 7.6 9.42 15.06 3.96 13.86 16.23 10.57 13.16 9.94 16.08 12.93 35.6 8.99 14.25 23.16 36.72 24.54 38.46 61.45 37.54 49.86 78.95 21.71 47.7 
31.3 13.14 41.22 53.08 41.21 22.54 27.61 16.81 35.7 7.9 9.91 17.03 15.64 7.53 4.79 12.87 9.99 26.58 13.94 10.44 36.72 13.41 22.83 27.82 16.52 29.26 53.39 30.32 30.02 84.5 
58.06 27.69 24.66 50.71 14.45 33.06 19.56 14.51 35.81 17.89 10.61 14.11 10.27 14.61 14.69 6.48 14.55 27.14 26.46 18.53 11.39 30.68 30.06 22.18 13.18 68.83 60.64 67.36 71.39 40.47 
48.2 69.85 50.8 14.98 30.2 26.53 22.46 13.32 31.71 26.14 12.86 14.78 7.01 13.28 5.27 7.35 13.37 10.23 11.91 33.13 34.26 27.54 38.77 50.15 18.39 24.26 20.2 35.19 25.59 34.48 
54.92 29.92 50.32 23.53 43.51 48.11 44.65 43.06 12.56 20.47 25.41 14.78 14.36 16.79 12.7 13.69 4.19 6.36 16.29 25.57 30.89 32.89 17.15 16.91 48.29 27.11 33.34 49.24 60.86 29.67 
48.58 57.82 24.06 68.3 24.59 31.3 16.54 50.87 14.8 28.55 11.76 26.96 23.97 8.74 3.65 13.49 14.11 13.3 7.78 8.87 31.88 10.02 12.87 30.85 52.63 32.2 25.43 44.95 36.28 33.45 
52.58 76.94 36.21 51.36 22.19 22.62 23.65 39.75 38.94 19.79 29.78 15.66 33.59 17.17 13.27 3.85 6.6 11.02 7.03 14.15 8.31 25.12 14.15 35.29 25.34 26.97 35.19 47.85 53.47 21.87 
75.1 50.35 41.2 55.9 48.36 59.89 58.64 42.37 19.46 22.99 16.44 11.52 34.3 25.18 24.71 16.85 4.02 4.98 11.14 8.78 11.02 7.94 7.71 31.08 30.72 13.24 27.66 43.74 33.75 36.64 
30.18 45.88 87.76 68.93 39.95 25.58 29 29.63 38.54 36.46 21.7 37.62 15.15 28.37 15.74 14.32 14.72 17.02 16.94 6.9 3.89 13.8 12.03 9.47 25.31 32.76 22.68 32.19 38.42 42.74 
101.71 44.08 62.62 61.26 37.47 50.95 64.11 71.26 26.76 28.22 42.24 38.62 52.9 29.9 27.62 21.14 13.86 17.19 8.87 16.96 15.31 15.63 13.09 12.04 10.86 8.63 31.52 28.2 32.47 24.92 
60.86 71.92 52.13 23.72 54.18 78.08 26.32 45.35 43.75 37.36 52.94 46.77 28.51 46.58 8.88 26.28 34.81 19.77 14.97 15.01 14.26 10.65 7.67 5.32 8.33 22.85 20.66 20.98 28.77 24.49 
105.09 105.26 91.59 25.41 56.68 86.78 45.1 25.19 40.48 43.5 26.52 21.1 41.27 30.82 31.22 10.92 16.63 33.17 20.42 6.05 13.33 5.65 13.18 6.85 4.76 4.38 30.37 26.32 24.45 33.51 
93.43 76.91 52.14 62.98 60.99 63.83 28.75 53.48 26.44 59.15 62.63 37.99 41.02 47.72 20.2 31.44 10.48 22.97 29.63 34.52 11.42 14.94 7.14 12.52 8.09 14.76 5.25 18.77 29.73 23.44 
42.26 37.83 107.07 84.54 41.21 67.12 61.44 22.72 89.06 40.74 35.85 58.71 34.58 49.66 37.85 16.73 53.08 17.17 33.88 11.04 23.51 4.03 10.21 17.04 10.91 5.72 7.25 15.37 20.1 27.55 
111.51 64.41 62.54 56.28 67.33 76.71 40.71 32.21 56.06 74.38 37.6 66.41 51.71 34.72 16.34 28.76 34.01 31.84 11 30.68 33.86 34.51 17.85 5.61 8.74 14.77 5.54 16.7 10.41 8.89 
55.83 55.02 78.75 91.91 62.65 103.44 35.23 50.81 54.21 47.7 88.13 56.67 36.56 24.36 27.35 42.88 30.97 18.01 49.1 31.74 20.15 33.71 22.27 5.18 11.03 4.58 7.84 3.85 10.04 9.3 
61.83 48.17 30.87 52.41 40.12 26.36 89.36 65.05 88.98 39.62 77.69 54.48 40.73 36.42 48.22 64.65 40.57 19.35 46.35 17.24 8.47 27.63 18.2 35.21 11.3 14.22 14.5 9.06 6.99 16.28 
78.29 60.94 97.44 35.04 48.84 66.17 40.54 94.22 79.92 19.22 57.37 41.12 53.53 39.57 36.75 55.97 32.99 50.07 12.89 53.64 45.71 11.24 14.89 9.04 7.96 11.77 6.3 3.74 10.69 9.7 
34.56 45.32 97.57 108.33 99.6 71.84 67.26 82.31 87.81 60.79 23.33 69.7 72.76 68.31 62.93 68.45 19.75 30.97 34.67 30.74 40.9 30.25 12.67 27.27 28.35 20.05 5.53 11.87 5.21 5.25 

52 40 55 52 45 97 89 5 47 0 0 0 0 0 0 3 63 16 77 28 0 44 74 35 0 0 0 93 0 44 

0 0
0 0 0 0 0 0 0 0 0 65 56 26 37 1 90 0 0 0 0 0 87 0 0 0 34 63 43 0 55 0 
1 0
0 0 0 0 0 0 0 0 0 48 27 8 95 1 66 0 0 0 0 0 48 0 0 0 78 83 89 0 36 0 
2 0
0 0 0 0 0 0 0 0 0 48 18 31 32 70 51 0 0 0 0 0 3 0 0 0 95 14 74 0 84 0 
