30 1 3

1 2 3 

0 0
4.71 5.31 5.14 2.9 5.42 9.01 5.36 9.22 20.73 8.96 7.73 8.22 24.14 17.36 5.88 10.72 20.18 10.81 21.57 12.18 23.18 16.13 24.3 25.49 13.16 32 30.65 30.9 47.15 50.47 
5.8 5.45 3.85 3.71 5.27 6.64 3.07 7.14 3.52 15.02 19.49 14.69 7.84 5.55 17.27 6.01 25.23 30.61 20.7 8.54 32.64 14.3 33.27 15.37 24.89 16.85 16.87 20.78 38.45 49.51 
3.45 4.27 4.65 3.35 2.04 5.01 11.45 8.22 5.13 10.1 15.92 14.95 8.13 10.32 7.9 10.38 21.95 21.21 15.59 28.32 24.57 27.9 10.03 19.71 15.18 21.12 26.59 40.98 28.46 33.73 
2.64 5.94 3.68 4.26 6.78 3.09 4.81 11.06 3.98 12.98 3.83 13.78 14.25 12.66 16.38 17.32 11.82 5.57 26.25 17.3 16.56 25.99 13.08 31.97 17.97 22.08 14.68 43.01 36.9 32.62 
9.42 2.76 2.01 4.32 6.81 1.72 3.95 1.7 9.38 6.27 5.78 12.62 6.29 6.51 6.31 16.06 24.41 15.01 18.19 16.28 27.12 23.3 33.44 30.04 16.12 30.92 22.92 13.65 18.91 29.82 
9.54 5.85 5.84 2.07 6.49 2.17 2.82 1.94 3.99 9.45 6.81 5.61 5.76 15.41 19.49 6.29 13.19 11.44 20.74 20.02 9.84 30 31.81 26.4 7.15 40.71 18.69 31.63 31.6 24.5 
3.13 3.14 7.03 2.16 1.5 4.05 4.6 6.03 4.77 3.48 6.34 8.01 12.6 11.09 12.6 14.13 8.17 5.76 6.03 21.07 27.56 7.36 28.67 13.65 17.23 30.19 17.62 21.69 33.17 11.47 
10.32 12.83 7.43 12.22 2.23 6.8 6.01 6.01 3.73 5.99 4.39 7.35 5.5 10.84 11.47 8.44 17.42 4.22 4.33 14.1 19.9 7.46 9.64 31.09 17.47 33.09 13.52 38.59 23.39 39.75 
12.32 7.91 7.17 9.39 7.24 2.53 6.63 2.07 4.07 6.82 2.47 3.42 10.71 8.37 6.97 13.42 9.77 12.81 10.08 8.58 12.37 8.14 14.56 6.07 16.02 19.62 18.74 12.34 32.89 28.49 
6.11 20.12 4.42 10.41 5.73 6.59 2.14 1.96 5.3 3.86 6.18 6.92 1.61 10.74 13.37 10.94 11.21 9 12.12 13.49 17.59 23.12 13.71 9.81 9.8 24.76 10.97 22.46 28.31 17.87 
8.71 10.83 16.91 6.48 13.68 13.13 4.1 1.79 6.57 3.27 2.93 3.27 4.31 2.76 8.45 4.92 5.4 13.53 9.81 10.41 17.45 15.55 9.58 6.07 18.48 12.1 29.22 23.73 7.43 11.87 
15.36 13.19 10.77 13.26 11.68 8.18 12.91 9.93 2.43 5.48 2.86 4.09 3.71 5.45 5.16 6.84 9.1 4.21 10.47 18.29 20.32 10.8 13.23 16.14 25.86 15.09 16.64 31.62 33.22 9.87 
27.3 14.01 17.37 9.39 17.85 3.66 8.68 6.9 8.48 4.43 2 3.18 5.58 6.4 5.73 1.85 4.84 5.86 9.24 12.71 14.41 17.49 11.08 5.46 19.31 23.42 24.43 16.94 29.76 13.13 
10.79 24.77 16.23 10.24 7.54 20.57 7.4 11.81 4.66 7.98 1.48 5 6.56 6.1 2.44 5.4 6.58 7 9.08 4.84 6.33 18.98 11.65 4.69 9.8 20.18 18.51 23.68 10.81 29.29 
14.7 12.68 9.7 6.57 14.16 9.83 10.42 13.59 5.04 6.66 12.04 5.79 3.1 2.73 1.99 3.4 4.17 6.18 6.68 4.41 2.79 9.13 20.16 13.27 17.44 12.97 12.53 26.03 20.02 26.46 
21.71 24.92 11.86 27.57 7.91 16.24 14.34 14.86 4.93 10.85 6.82 3.49 4.46 6.31 6.56 6.34 4.13 6.63 5.76 3.06 7.29 7.61 6.3 7.57 5.68 9.62 11.12 6.94 23.78 9.54 
26.23 25.33 14.13 12.41 19.12 17.93 15.49 19.62 11.14 10.3 13.27 10.79 5.39 2.04 2.82 5.99 1.89 3.89 3.36 5.3 6.11 10.41 7.05 11.97 4.29 6.29 15.82 16.24 10.55 9.61 
13.75 14.43 10.94 20.11 20.62 22 16.19 7.42 17.33 14.2 6.55 4.26 6.37 7.97 3.11 3.89 5.76 2.63 4.92 1.68 3.39 11.49 7.7 4.02 8.07 11.51 7.74 15.32 7.26 11.47 
15 13.08 31.29 18.14 16.17 16.88 16.2 17.94 5.87 8.32 15.82 4.21 6.63 13.63 7.55 4.2 2.7 5.75 6.3 2.57 1.86 2 9.3 6.79 11.47 6.57 17.11 19.49 16.51 11.51 
16.69 21 30.28 15.02 25.91 27.19 10.94 5.73 5.31 8.45 10.71 19.52 7.85 7.42 3.57 7.89 5.66 3.65 5.93 4.87 2.53 3.95 4.73 6.31 8.57 9.85 3.19 7.5 9.02 11.56 
9.89 16.13 18.22 7.89 14.19 11.92 15.94 26.17 6.28 20.54 6.37 16.65 10.68 13.1 2.97 12.93 11.62 2.02 2.82 5.7 1.52 2.82 3.06 2.36 2.94 10.04 3.34 12.19 5.52 9.04 
39.16 32.28 13.67 21.14 33.78 19.9 7.56 25.17 17.53 14.35 4.19 13.44 16.85 5.15 3.36 11.29 5.48 9.35 3.99 5.54 2.56 2.77 6.73 5.54 4.94 3.69 11.69 6.95 7.99 8.54 
39.87 8.54 24.91 34.34 9.72 19.03 8.53 15.67 6.08 17.52 6.66 18.7 20.11 6.23 11.8 13.49 8.16 10.67 12.8 6.7 5.17 3.93 3.36 4.1 6.47 6.61 9.32 7.75 3.96 3.01 
24.33 14.27 35.79 25.23 27.13 7.49 8.22 30.16 7.83 20.69 25.84 16.44 17.83 10.67 10.29 10.24 4.17 5.95 13.38 11.88 5.12 1.64 5.23 4.82 5.96 2.46 3.11 7.96 7.51 3.54 
37.54 21.97 14.76 39.13 10.26 27.65 13.69 10.22 11.45 21.79 26.39 24.6 22.65 16.76 13.86 12.61 10.05 5.44 3.6 12.35 12.62 6.57 2.11 3.74 3.68 6.29 2.23 1.89 10.89 10.95 
22.69 20.1 11.14 29.77 12.34 37.12 11 19.51 22.97 10.16 9.75 14.78 23.48 21.72 16.77 6.49 20.31 9.42 10.46 13.78 3.03 9.16 6.16 5.13 5.63 2.47 3.65 2.46 2.97 13.19 
45.63 46.2 25.25 38.37 18.84 11.88 14.43 17.75 27.67 10.79 11.73 13.97 17.11 15.91 13.46 5.3 7.42 7.83 12.91 7.64 11.87 4.37 3.83 3.23 4.75 3.84 6.76 6.86 6.39 5.62 
31.97 30.34 40.38 11.66 28.94 20.42 14.09 23.65 26.6 32.52 25.65 9.61 13.84 23.38 10.2 22.08 14.76 15.52 13.53 10.17 10.51 3.1 11.93 8.31 5.94 1.77 1.5 3.72 1.62 6.73 
45.43 13.42 39.75 36.48 24.48 35.63 38.05 27.23 10.84 24.99 18.87 32.41 31.83 14.4 15.17 23.66 26.9 10.65 6 10.99 12.36 10.62 12.07 11.35 7.83 2.19 2.14 5.59 2.2 4.57 
19.55 47.25 31.48 47.39 11.62 20.05 38.57 34.48 9.29 40.55 9.64 32.02 20.43 30.9 17.58 25.58 16.89 13.91 6.56 17.86 14.85 6.16 11.36 4.82 5.1 12.62 2.02 3.86 3.51 3.61 
1 0
4.59 3.09 9.12 12.32 25.32 27.31 6.15 21.98 40.52 11.04 20.82 10.85 43.16 38.67 33.78 24.33 16.18 13.88 17.14 53.9 50.76 39.72 66.46 24.85 83.64 45.69 55.08 29.69 57.76 27.33 
4.54 8.55 10.37 5.42 7.8 27.4 8.46 21.81 26.94 25.6 18.09 27.07 17.06 54.05 11.76 27.78 35.92 61.22 24.04 50.7 63.32 21.66 18.15 55.99 17.19 63.54 49.07 78.55 72.39 68.51 
13.84 11.46 10.15 5.52 4.94 13.43 27.72 11.96 27.66 27.22 38.91 37.35 11.95 37.78 12.83 23.94 44.54 23.29 17.71 30.56 59.11 66.17 67.36 27.58 34.67 78.1 43.96 48.32 48.01 35.64 
13.34 10.51 8.68 2.96 12.6 9.86 7.83 26.37 14.47 24.64 13.22 35.56 17.43 32.3 35.14 42.35 20.7 32.39 24.61 53.42 48.16 29.76 53.47 27.15 33.42 51.93 75.22 79.82 34.6 70.57 
20.95 7.39 10.24 3.36 9.83 13.7 3.22 3.27 11.23 7.14 19.59 20.97 27.17 9.02 31.33 21.33 46.95 48.1 14.97 50.41 45.11 55.05 17.51 61.81 62.21 68.94 64.88 57.99 19.79 38.45 
15.55 26.81 6.09 5.81 3.06 12.6 7.99 9.04 9.74 10.47 14.84 14.77 15.44 31.4 27.57 8.4 12.25 38.43 36.4 21.91 43.3 56.04 66.99 17.79 44.48 49.53 54.27 47.3 38.23 80.88 
12.86 7.15 9.27 5.07 4.47 11.97 13.6 7.25 10.84 6.04 15.1 12.94 23.23 9.57 20.83 30.4 36.04 36.2 45.67 34.87 36.78 13.71 68.62 28.4 38.63 17.3 49.83 19.42 31.61 81.32 
27.21 12.24 7.14 20.22 10.69 11.06 5.64 5.96 5.77 10.73 9.79 13.64 16.85 26.57 11.65 32.85 32.91 18.91 18.7 22.56 19.23 41.97 26.66 45.02 42.04 39.16 42.68 65.62 57.14 68.5 
27.06 11.44 14.15 12.62 27.25 3.59 10.93 6.41 9.95 2.85 7.59 12.17 26.42 19.4 10.19 6.45 33.91 28.52 29.38 17.56 34.55 40.02 16.36 13.22 38 24.44 53 31.28 29.82 67.87 
37.14 21.15 16.91 15.41 6.58 25.84 6.43 3.02 4.59 3.92 7.03 8.38 11.4 21.41 26.4 18.38 8.95 41.38 15.84 24.01 39.46 14.11 34.52 13.84 40.16 66.56 36.67 43.8 57.09 64.11 
9.48 24.83 26.17 26.51 6.3 22.55 10.46 3.55 13.13 12.54 5.09 9.82 9.03 7.83 14.18 8.96 15.47 14.13 16.6 28.11 29.08 13.89 24.77 16.49 50.4 19.44 21.88 23.13 63.24 33.83 
31.92 22.9 12.08 38.39 9.24 26.59 8.27 19.9 13.46 10.2 4.26 10.27 6.8 12.67 6.27 20.75 8.66 25.51 23.58 37.18 31.02 9.58 40.67 41.59 19.56 45.57 42.58 35.32 26.01 62.07 
33.93 26.9 16.87 14.27 9.92 19.7 18.49 12.06 23.37 10.06 3.94 8.37 11.68 3.81 7.2 5.51 23.16 9.55 20.69 18.78 38.82 24.73 39.02 39.04 24.94 19.12 46.85 23.49 49.22 51.06 
46.25 39.2 40.2 14.91 40.42 26 27.42 5.56 25.44 11.84 4.25 8.57 5.63 5.82 6.6 8.03 6.89 16.17 9.77 7.37 15.53 34.71 14 21.44 32.26 22.52 42.83 53.37 18.09 57.1 
48.32 42.52 13.77 23.07 39.11 24.91 13.55 27.7 18.96 26.6 16.58 9.74 4.98 4.21 11.84 9.23 10.47 11.79 19.21 22.76 21.63 20.8 30.15 39.79 25.57 20.17 15.7 31.22 23.74 31.76 
12.46 25.96 11.77 47.68 24.9 31.21 13.39 36.13 26.38 27.5 8.04 7.71 3.4 7.69 4.09 8.49 13.4 13.18 6.3 22.49 22.17 21.73 19.94 23.34 18.23 22.18 22.75 47.52 28.31 25.77 
22.53 26.03 55.07 51.44 28.77 8.35 37.09 13.73 21.85 21.99 9.93 23.73 11.08 10.72 8.61 5.56 3.27 12.5 9.84 11.21 10.29 19.67 20.42 13.06 16.48 41.04 13.37 24.08 52.02 50.46 
23.04 20.19 33.02 26.19 28.25 27.62 33.34 37.41 14.9 10.64 16.34 25.59 18.84 21.3 5.96 10.89 4.35 13.65 4.51 9.07 9.36 13.78 25.75 14.34 17.93 8.59 35.89 9.98 34.16 24.03 
42.8 31.05 31.1 30.4 33.1 29.14 26.43 24.97 20.65 32.9 35.53 5.94 10.48 9.26 18.72 11.52 3.08 10.83 7.42 13.48 10.18 3.82 13.2 27.72 15.97 20.31 37.37 26.61 33.09 27.39 
42.22 66.61 30.46 41.56 54.58 25.82 28.41 38.73 34.21 40.78 10.99 26.43 12.78 5.99 16.07 17.36 7.34 3.76 11.7 13.2 4.47 13.28 11.9 8.27 9.84 22.87 16.23 32.33 20.22 14.33 
41.18 48.94 40.33 38.24 61.26 34.3 38.2 22.12 30.45 16.03 20.8 21.19 16.23 25.45 18.97 16.59 8.56 4.52 3.49 8.89 8.13 5.74 7.46 3.59 25.4 16.06 10.42 22.36 10.64 24.93 
18.94 51.57 19.99 39.54 45.83 49.91 25.22 15.71 51.98 12.66 39.09 29.36 28.59 15.93 21.78 6.87 23.7 11.72 4.22 6.7 6.58 3.02 7.88 5.65 9.28 25.46 9.81 8.32 11.92 37.52 
75.7 55.8 30.51 47.82 36.49 39.14 41.15 28.04 26.72 38.7 51.54 39.89 14.24 20.96 32.74 25.56 27.34 26.62 14.68 9.37 7.34 9.34 11.92 5.59 10.12 4.16 11.88 13.95 6.7 10.2 
19.34 82.82 24.67 32.39 39.66 62.62 54.47 22.66 41.66 26.25 17.73 16.13 37.01 30.01 26.58 14.52 22.95 21.41 26.4 8.75 4.01 3.72 13.49 8.3 12.33 12.83 8.85 21.68 15.32 25.14 
84.83 17.79 76.84 74.49 48.95 33.1 51.1 23.19 46.29 23.3 29.41 17.33 30.38 17.31 19.49 15.42 22.36 25.94 18.34 25.09 7.47 12.45 13.02 11.62 11.78 12.24 9.33 8.81 7.95 18.57 
39.25 33.63 80.84 82.81 22.41 27.86 26.64 40.37 67.97 54.23 33.2 40.63 41.74 24.29 23.73 22.96 14.16 11.95 10.28 18.94 21.25 17.08 7.62 3.03 4.32 4.79 13.84 9.38 13.11 19.72 
86.49 87.8 36.02 47.06 73.18 66.09 54.88 39.68 21.28 60.78 58.62 20.57 12.76 26.48 25.78 16.2 9.04 29.22 25.17 10.43 13.76 14.84 17.91 10.06 8.69 4.32 6.4 3.84 9.45 11.88 
64.56 63.48 86.77 53.67 22.05 35.93 80.52 18.09 21.5 27.13 41.92 31.76 49.98 41.54 46.48 32.86 39.05 17.94 22.58 24.81 21.84 24.06 13.75 21.13 5.93 5.28 7.81 7.44 6.53 11.71 
87.52 79.82 21.08 67.17 73.97 67.03 76.81 61.38 69.17 55.21 31.97 62.39 24.34 30.43 18.89 38.32 29.08 22.5 36.23 31.34 26.07 13.51 17.68 19.89 21.58 13.28 11.98 3.49 11.7 10.81 
49.36 109.27 61.65 87.38 59.21 94.82 48.88 81.46 17.34 16.75 61.74 68.5 40.08 50.74 35.72 27.52 54.48 49.66 25.58 29.57 15.95 27.89 21.44 9.81 25.77 22.33 13.53 11.66 12.95 12.95 
2 0
7.57 17.59 11.32 6 15.87 24.36 23.74 31.46 46.58 44.66 47.2 38.61 53.35 40.61 67.64 55.54 62.83 25.84 55.83 83.7 94.76 51.33 41.63 59.22 86.25 104.42 50.53 26.98 55.96 130.25 
10.43 10 5.08 11.35 13.65 23.99 23.61 9.76 17.65 38.14 36.42 33.59 38.21 62.95 15.05 44.29 26.35 47.37 28.97 24.9 61.81 85.19 95.37 70.39 59.26 112.1 72.13 84.14 53.19 47.19 
16.81 15.65 14.17 5.11 11.12 8.27 17.37 16.83 21.47 27.5 45.43 39.4 49.21 40.86 24.94 32.54 70.22 68.49 71.5 23.59 64.44 44.76 102.65 73.22 26.6 64.93 33.04 80.95 116.43 88.91 
10.22 16.18 12.74 9.8 8.9 15.03 3.77 31.68 26.61 33.04 14.54 48.92 32.41 50.45 23.6 18.62 54.61 42.23 27.07 38.63 58.09 56.02 56.31 84.17 66.86 75.28 50.28 85.64 58.72 113.99 
34.69 10.44 8.54 14.19 7.1 14.22 10.32 6.76 34.23 12.26 21.54 8.56 29.41 14.55 20 18.38 30.92 69.68 17.95 18.08 76.41 28.76 76.74 43.58 33.96 62.61 23.62 40.25 122.69 59.43 
22.75 7.6 11.47 6.31 5.43 12.14 3.67 16.17 7.68 31.72 24.45 32.35 16.18 46.11 11.59 45.38 47.56 70.47 28.75 26.56 59.89 21.2 33.97 29.25 79.35 101.42 82.88 62.09 86.23 31.81 
26.31 13.79 12.82 16.27 11.04 9.03 13.15 11.92 12.07 17.67 13.65 34.81 12.32 9.26 22.05 34.46 28.45 34.98 42.84 52.18 41.68 25.31 23.76 68.19 40.83 87.25 34.81 55.67 54.65 29.33 
26.79 11.21 22.08 30.4 17.14 6.71 12.38 6.24 10.4 5.14 4.73 13.79 31.64 24.03 29.28 28.26 17.12 47.08 28.52 67.03 35.32 33.45 23.73 75.53 72.7 59.94 45.39 44.57 52.03 81.32 
19.76 14.26 20.07 26.92 8.2 12.93 12.09 11.01 10.5 7.54 13.91 16.1 34.5 30.88 32.64 22.99 27.08 13.27 29.15 36.25 27.77 40.72 62.84 65.56 47.77 52.74 42.29 56.36 30.19 88.7 
21.74 33.92 11.24 18.17 16.77 14.13 5.43 8.74 5.06 4.58 13.39 15.82 6.84 31.55 10.07 7.38 13.07 30.57 50.07 42.4 20.05 69.82 42.47 60.53 41.68 19.04 35.49 32.54 86.83 78.99 
35.06 21.86 45.59 19.28 8.46 20.77 15.24 12.39 5.27 11.73 12.07 17.05 13.36 12.89 20.87 15.74 30.65 8.29 46.77 40.91 18.92 39.96 30.58 38.51 26.09 49.05 86.36 29.17 58.54 50.61 
29.6 27.13 22.58 31.47 10.87 25.06 26.85 7.9 16.32 16.44 14 17.09 8.38 17.55 15.7 33.75 24.64 28.89 30.37 20.25 52.56 29.72 50.68 52.16 17.53 53.85 60.5 56.69 27.4 57.72 
26.05 22.42 20.89 25.93 16.57 14.81 20.88 12.95 28.42 4.64 9.46 10.26 4.86 6.16 14.5 15.1 20.11 20.98 19.08 8.48 18.48 48.69 51.79 37.8 57.75 70.51 49.67 59.37 26.97 41.2 
15.33 27.52 48.89 19.77 31.21 34.2 20.28 20.29 15.22 35.69 14.91 6.26 14.44 17.58 14.22 3.71 10.16 31.13 26.72 25.49 17.1 22.16 29.89 27.3 22.99 71.41 26.4 41.47 54.7 18.44 
37.8 54.54 58.79 52.96 21.51 26.36 51.02 12.91 34.64 33.89 10.47 12.54 8.18 10.24 10.7 8.84 12.6 6.29 12.03 14.73 25.11 14.52 32.59 45.1 33.35 15.93 49.87 17.31 56.07 43.3 
55.27 67.8 31.6 39.85 42.01 27.59 46.7 25.96 8.66 31.26 29.03 24.3 13.86 10.66 13.97 11.29 15.8 15.83 5.04 21.79 29.91 8.87 15.13 41.8 39.25 24.06 42.93 43.75 58.67 19.55 
64.96 70.05 54.35 38.43 63.38 26.34 25.78 46.16 14.7 16.81 33.35 14.93 18.63 9.23 17.59 14.83 7.93 11.71 13.68 17.05 33.4 29.98 18.22 35.15 33.92 51.84 20.62 42.71 62.88 15.32 
69.12 31.3 28.58 31.56 35.18 49.35 33.63 23.29 22.64 28.86 17.85 35.72 14.82 23.7 15.15 7.74 17.11 10.2 7.33 7.12 12 18.72 13.86 32.92 11.68 34.35 20.06 28.29 22.93 33 
86.7 26.46 58.71 25.48 52.36 40.13 18.62 50.56 19.21 15.1 23.57 10.34 34.07 22.91 21.95 5.38 8.24 7.73 15.34 7.47 13.78 15.07 27.06 15.98 25.09 27.3 31.28 14.79 11.8 13.38 
57.68 58.39 63.3 42.01 49.85 57.36 69.69 66.53 47.39 13.68 15.99 40.48 17.49 24.32 34.57 28.49 13.9 11.68 13.68 9.66 17.43 14.2 13.2 35.41 32.19 35.73 9.05 16.06 48.13 41.22 
71.59 48.66 48.89 35.77 76.63 26.77 31.73 29.95 21.61 40.98 26.73 11.7 53.14 35.65 23.35 17.84 21.46 15.89 12.1 15.4 5 14.45 16.47 6.13 9.05 9.65 25.19 9.87 51.02 15.45 
22.66 44.86 47.78 57.77 86.62 50.09 64.54 33.89 26.68 69.35 11.84 27.09 52.31 13.03 32.2 34.97 12.05 27.28 11.4 13.68 10.9 5.23 4.6 9.14 7.75 26.44 27.98 33.62 10.67 32.55 
23.71 76.34 85.74 49.66 86.69 19.22 77.71 43.89 46.85 32.67 20.44 44.81 29.86 11.84 37.64 27.44 15.05 24.8 24.14 12.72 17.65 12.5 10.71 16.89 12 9.87 34.97 9.9 18.32 31.35 
36.17 57.81 66.85 83.27 22.38 65.47 57.3 84.04 38.15 19 18.01 59.95 48.74 33.59 13.96 21.67 35.66 30.48 9.71 34.51 9.33 3.74 12.17 10.54 7 4.12 3.89 9.17 33.61 10 
95.1 84.22 42.76 48.01 25.07 45.99 25.72 29.09 48.85 66.37 55.29 17.8 68.44 29.75 36.96 41.71 32.77 13.26 17.87 20.91 24.88 4.2 8.23 9.83 4.96 13.58 4.65 10.71 11.59 20.64 
54.11 36.71 38.88 106.81 62.92 100.18 59.13 70.25 31.68 84.13 57.73 22.53 37.26 51.47 18.87 52.18 32.43 40.08 14.61 23.73 27.86 9.93 11.78 17.48 7.1 7.97 4.68 6.36 3.62 25.61 
42.3 111.3 62.02 52.6 52.26 70.91 78.24 37.48 56.67 77.9 73.35 57.46 47.75 33.24 60.02 24.49 18.88 14.89 51.31 22.15 27.99 23.19 25.88 8.41 4.54 15.8 6.51 15 4.32 9.91 
92.9 34.36 91.92 74.25 74.21 93.02 66.78 103.34 33.95 67.73 72.21 78.57 41.35 26.2 64.38 54.47 48.87 46.59 42.58 36.9 20.31 10.86 13.68 32.84 9.85 5.76 12.53 15.65 9.27 15.98 
78.69 68.96 65.59 99.64 88.95 76.96 75.98 47.55 105.53 27.13 37.41 73.41 50.24 67.33 17.72 50.79 42.83 11.49 23.92 20.56 12.63 15.69 28.34 11.97 35.36 15.91 3.59 14.71 6.07 5.3 
48.7 57.16 80.83 96.46 40.28 102.8 63.45 76.38 38.38 50.22 81.26 63.96 57.99 45.56 28.81 29.68 41.16 23.92 20.7 35.51 25.8 46.18 27.47 35.65 25.16 9.7 5.35 7.21 16.87 13.99 

0 9 14 41 66 34 0 0 0 67 2 8 98 11 52 0 0 7 6 0 64 0 86 0 26 91 55 0 52 67 

0 0
73 0 0 0 0 0 75 9 18 0 0 0 0 0 0 5 14 0 0 19 0 65 0 12 0 0 0 36 0 0 
1 0
91 0 0 0 0 0 59 21 48 0 0 0 0 0 0 35 105 0 0 38 0 83 0 112 0 0 0 118 0 0 
2 0
95 0 0 0 0 0 99 39 94 0 0 0 0 0 0 16 69 0 0 54 0 104 0 63 0 0 0 85 0 0 
