30 1 3

1 2 3 

0 0
3.8 4.44 3.28 3.34 2.94 12.85 11.49 5.24 16.71 17.05 4.19 10.44 7.69 24.34 10.11 19.83 17.98 27.43 31.48 33.12 27.33 34.03 9.68 35.53 32.06 37.87 34.7 17.27 16.23 22.29 
6.39 3.58 3.45 2.49 3.73 11.78 4.07 8.53 12.42 8.43 5.34 4.9 7.73 15.01 23.54 22.72 9.09 20.11 10.06 33.37 30.35 12.99 9.75 29.22 22.21 25.56 35.3 44.94 31.88 19.12 
5.03 5.01 4.92 6.44 5.82 5.85 6.32 10.31 8.32 3.55 15.77 15.42 10.25 7.48 17.42 18.16 7.12 17.83 22.03 26.36 17.88 12.1 30.48 28.87 34.01 14.04 47.31 43.55 17.16 24.55 
2.86 4.59 5.83 3.82 1.57 5.2 1.58 3.41 10.84 7.89 10.05 12.51 5.96 5.65 12.39 13.84 19.62 26.53 11.83 19.32 22.2 18.99 17.76 33.76 33.16 38.33 35.92 38.26 48.01 32.28 
6.75 3.73 4.72 1.62 1.58 5.62 2.69 1.97 3.36 13.04 11.03 10.53 8.06 13.1 18.23 14.71 27.08 27.31 18.6 21.79 7.23 20.69 14.54 15.94 38.3 18.24 37.94 26.61 26.9 26.48 
10.2 7.67 6.93 4.62 6.15 2.85 6.92 4.48 3.01 3.59 8.13 10.09 12.53 20.23 4.84 15.49 13.5 27.28 26.89 21.43 25.09 10.6 33.93 21.52 26.84 26.53 21.11 30.85 18.52 15.47 
13.82 4.51 4.11 6.3 4.77 5.27 5.39 6.73 4.11 4.36 4.57 3.21 9.54 11.53 4.89 18.53 4.77 7.77 23.58 12.81 12.07 17.85 18.06 17.52 8.24 10.87 34.64 35.32 40.07 10.76 
9.56 6.29 3.08 9.24 3.34 6.28 3.3 6.31 2.97 6.34 3.97 4.97 10.59 13.58 6.96 6.27 13.42 4.62 9.83 10.24 6.97 14.62 15.47 27.87 19.27 27.68 14.23 32.61 18.58 20.2 
10.5 13.19 11.95 10.6 5.37 2.33 2.93 6.54 1.46 4.42 1.65 6.01 3.14 11.83 10.42 7.05 10.53 16.92 6.56 6.22 10.56 16.9 20.73 16.39 22.45 30.67 26.73 21.64 35.29 23.55 
20.66 20.06 3.79 2.88 7.01 13.82 3.99 2.24 5.4 1.68 1.84 3.37 6.45 9.44 7.86 7.8 11.54 9.31 18.83 5.55 19.76 24.36 8.3 22.12 26.62 16.94 18.71 25.72 15.7 10.25 
4.71 8.73 11.95 12.86 4.64 6.09 4 6.38 5.49 4.47 3.7 5.91 5.1 2.93 4.91 3.23 4.61 13.26 13.95 9.39 17.2 16.35 16.07 26.18 19.31 12.79 8.13 16.67 20.59 15.83 
16.91 15.68 11.35 19.31 5.8 3.36 6.66 3.94 2.8 2.28 2.56 2.35 6.9 3.11 4.47 8.89 9.48 3.11 10.9 19.38 13.66 12.46 15.08 20.01 21.05 8.39 15.73 19.19 8.4 15.72 
24.83 6.96 20.55 17.89 15.21 12.5 12.14 11.08 3.13 1.41 3.94 4.48 2.52 4.67 6.92 2.26 4.72 10.55 5.81 8.05 19.06 16.87 6.34 12.38 21.59 6.87 26.88 10.74 21.86 8.75 
27.14 19.89 9.45 18.87 9.14 18.81 8.79 7.95 8.65 12.72 2.87 6.14 5.72 6.33 2.47 2.34 6.23 8.45 9.64 8.67 10.85 9.44 13.22 15.4 13.61 15.8 24.72 15.64 5.97 8.85 
25.82 26.64 21.23 8.48 8.42 11.04 11.51 6.25 3.19 11.14 9.23 6.5 5.61 5.85 5.15 1.4 5.94 1.71 13.62 3.43 9.8 4.2 19.23 12.9 16.27 14.38 7.5 7.68 19.19 19.3 
6.3 16.35 23.24 19.59 5.16 14.27 16.79 20.5 8.9 9.54 5.8 9.36 2.28 5.73 6.26 2.86 1.48 5.6 6.2 4.74 9.1 2.94 9.66 18.45 6.63 5.85 14.97 12.78 23.36 19.3 
11.58 19.21 18.31 13.8 17.91 11.28 16.57 15.34 13.45 3.86 4.73 5.95 8.68 4.84 3.22 6.77 4.94 6.63 1.76 1.74 5.91 5.38 11.85 4.2 14.83 10.32 7.57 5.47 20.39 13.05 
27.21 28.82 13.77 23.01 19.27 19.74 16.09 11.37 10.57 20.24 3.24 8.87 5.72 12.68 2.8 2.82 1.72 4.19 5.4 5.97 4.22 12.15 4.65 10.76 11.57 15.43 10.99 14.02 7.98 17.11 
15.34 33.52 29.04 25.33 21.7 22.36 17.65 8.12 20.09 12.93 12.55 8.72 5.57 7.3 4.76 1.44 1.57 5.26 2.67 6.61 3.93 2.36 7.55 3.52 11.48 12.76 12.08 12.04 9.15 16.41 
28.69 21.48 13.16 14.63 24.01 22.06 14.46 15.18 6.56 6.56 6.08 10.32 8.71 13.38 12.65 3.03 5.16 2.74 4.81 6.52 4.86 3.39 6.03 8.74 6.3 10.79 8.82 17.94 16.66 18.42 
19.55 15.07 30.16 12.9 14.2 9.22 18.25 21.01 10.17 4.23 14.28 10.29 7.2 7.25 11.82 6.48 6.23 1.55 6.61 2.73 6.46 5.27 6.58 3.5 8.35 11.02 3.56 12.06 4.5 9.73 
22 31.65 12.7 7.98 28.05 27.77 14.43 11.63 20.23 19.54 14.5 19.71 13.1 19.98 6.21 12.19 9.34 6.19 4.32 3.26 4.36 5.14 6.89 4.51 5.58 4.37 11.18 12.75 13.77 11.95 
39.53 9.4 13.43 18.31 13.91 7.57 16.29 12.7 22.88 6.38 19.97 20.08 16.97 20.41 19.79 13.47 11.67 10.65 2.93 1.66 2.56 2.2 3.89 2.78 1.74 6.06 9.3 6.44 8.98 7.18 
34.61 31.68 14.36 18.85 23.09 32.42 19.84 23.15 22.2 8.84 21.13 20.41 20.67 14.45 11.49 6.84 5.29 8.44 4.1 11.35 2.17 2.81 5.17 6.54 1.8 5.29 4.21 9.87 12.13 4.42 
29.96 38.55 27.73 30.22 34.64 16.96 12.73 26.2 20.87 13.1 18.73 16.22 19.24 6.94 5.02 5.66 5.42 11.64 5.2 10.83 12.56 4.73 6.57 2.29 6.52 3.85 2.5 5.82 12.3 12.12 
42.14 22.79 38.78 21.15 38.01 24.51 33.62 10.4 19.4 27.31 20.46 9.73 24.77 18.93 6.43 9.26 5.74 10.44 11.34 8.17 4.33 11.38 6.18 4.42 2.85 4.33 4.58 5.44 1.57 6.54 
40.81 14.36 40.24 13.94 30.52 10.42 29.82 17.16 8.27 16.5 24.31 18.16 26.4 12.37 27.13 17.97 4.59 14.9 9.12 2.96 5.96 3.84 9.68 6.14 6.9 5.46 6.42 5.03 6.53 2 
16.63 15.59 16.72 45.39 35.74 23.16 20.27 23.49 11.91 21.28 22.36 21.91 27.07 11.22 26.12 9.07 16.22 12.58 7.63 12.9 11 3.63 3.09 11.47 5.3 2.48 3.38 1.81 4.43 3.42 
52.44 16.75 35.05 13.5 48.45 24.01 41 25.02 15.99 16.94 13.4 11.82 11.15 5.81 19.2 14.17 25.8 12.22 9.81 4.3 16.85 3.5 7.34 4.52 3.51 6.87 5.99 1.7 2.51 2.83 
45.31 11.73 17.27 41.87 43.72 12.43 21.98 34.53 15 15.04 11.83 30.67 33.4 24.14 20.11 24.2 18.95 7.53 17.99 9.27 11.5 16.54 13.02 4.65 5.02 7.08 2.06 3.75 6.09 5.41 
1 0
10.02 4.25 9.77 7.69 10.13 23.58 19.54 11.07 35.83 40.5 37.08 21.92 52.34 47.54 39.89 44.01 54.5 30.32 40.04 37.21 63.44 50.4 58.51 34.84 54.22 50.21 37.3 45.34 23.16 53.15 
11.43 10.86 3.26 4.16 3.45 16.58 23.91 26.85 17.31 22.72 28.54 14.35 40.26 35.44 20.32 18.39 34.32 27.93 36.16 69.31 17.33 72.1 16.75 62.82 66.03 45.47 30.05 39.29 83.19 61.74 
10.47 8.48 11.1 7.81 6.94 2.83 12.61 25.47 13.7 22.7 10.56 41.33 10.25 23.01 41.96 29.38 46.48 27.69 50.58 44.57 22.62 30.03 64.35 72.55 60.73 28.44 64.05 33.91 54.86 82.93 
7.76 5.04 12.59 11.9 10.15 5.47 7.73 15.79 7.13 24.77 7.69 14.24 24.19 36.78 20.26 15.55 47.01 25.39 21.18 36.95 27.38 16.47 31.32 79.05 82.76 57.6 31.47 74.69 19.59 55.01 
18.95 2.93 5.46 7.05 12.54 9.06 12.11 10.6 7.49 13.1 22.61 17.34 35.52 33.53 17.43 20.22 43.16 40.66 47.51 33.61 44.8 64.48 54.32 44.09 31.13 73.98 32.08 32.64 77.68 74.46 
9.55 9.74 11.74 13.08 3.99 10.23 8.39 10.51 12.58 24.53 9.09 19.78 19.77 39.12 37.07 33.32 16.79 21.72 28.57 46.78 12.44 19.64 34.97 21.72 61.61 34.3 32.87 26.06 53.45 73.91 
24.3 10.77 17.66 11.89 6.42 11.73 11.02 10 4.1 11.88 20.48 8.09 17.85 17.12 31.59 41.27 11.7 10.12 33.16 39.86 39.82 25.97 42.66 22.38 59.25 15.93 60.67 71.98 69.94 17.5 
24.6 25.36 19.68 5.88 11.85 5.08 7.82 3.3 9.61 11.87 9.52 9.96 13.84 12.39 9.9 18.12 32.82 27.32 39.13 20.73 27.12 17.2 46.13 26.97 22.24 47.35 42.98 29.29 45.65 34.87 
19.25 24.78 24.03 19.17 23.04 7.51 13.83 9.46 8.43 5.05 13.65 9.19 14.23 22.19 15.1 20.43 9.62 22.6 19.16 22.32 22.85 31.01 32.68 40.69 22.65 49.41 45.47 31.01 62.3 73 
33.93 9.28 12.12 11.13 26.39 18.2 8.24 8.4 6.79 10.21 12.16 13.78 12.45 10.72 14.9 6.68 18.19 36.3 10.64 26.68 35.72 19.9 36.7 38.29 46.37 47.29 20.65 60.41 25.04 18.64 
8.92 38.64 25.93 26.36 10.13 24.85 14.98 6.92 8.02 13.28 8.06 8.1 12.2 5.84 7.93 27.71 9.54 12.89 34.93 37.08 18.48 23.09 27.31 31.92 48.92 21.28 41.01 53.61 18.39 29.25 
16.72 22.74 33.9 39.66 24.7 11.12 18.68 18.48 6.28 8.79 13.71 3.85 4.82 8.38 13.15 7.34 11.84 27.63 20.63 24.24 21.9 14.76 34.76 13.04 49.69 42.38 38.26 40.23 16.87 24.26 
31.83 26.86 31.96 11.38 32.19 8.97 10.01 19.37 5.93 7.28 7.44 8.34 11.85 13.42 9.54 9.76 17.75 18.58 22.83 11.06 23.85 9.55 40.45 31.14 38.47 30.89 12.66 23.65 64.28 24.03 
22.37 37.7 33.04 22.88 19.82 24.46 9.4 14.89 11.18 8.1 3.64 8.47 6.43 9.23 5.97 4.96 4.54 8.66 9.37 8.49 22.27 31.3 28.82 15.18 19.09 37.98 50.31 51.11 26.27 40.89 
25.58 48.44 17.14 39.74 21.69 36.04 31.87 27.7 27.28 11.53 5.83 4.93 7.2 5.35 7.35 3 5.48 4.17 17.05 21.76 12.45 10.18 13.28 13.66 32.77 36.35 38.35 38.82 43.82 47.37 
13.39 33.62 54.55 37.57 9.27 28.91 40.57 35.43 8.41 26.03 16.83 25.17 11.11 10.92 9.88 3.31 11.89 13.42 3.53 21.51 20.14 16.7 16.82 23.81 31.18 21.73 40.31 31.43 22.26 47.45 
33.36 44.67 20.28 30.67 33.92 16.62 26.28 22.51 8.36 19.09 21.58 15.72 20.26 3.96 3.04 2.95 8.22 9.46 8.23 7.77 20.43 19.03 23.87 26.87 19.47 31.88 37.33 10.61 53.95 20.98 
65.5 51.15 52.39 30.56 39.12 23.98 11.94 16.89 26.97 27.52 7.46 18.92 14.03 21.24 12.54 7.57 10.17 10.82 10.21 10.46 4.28 15.48 16.56 7.25 17.85 8.99 21.46 38.2 41.19 42.86 
66.5 67.11 48.72 14.35 42.65 43.89 52.41 40.39 24 32.78 17.05 20.78 24.23 12.92 22.94 10.33 4.17 2.93 11.6 13.36 13.1 5.81 11.08 23.6 17.05 7.06 30.13 41.53 19.04 13.43 
19.51 58.66 49.53 22.3 37.79 25.21 53.7 41.72 24.7 17.54 36.33 23.38 7.73 22.78 25.95 16.52 7.04 6.06 12.72 10.12 11.76 5.02 3.4 15.64 8.02 12.58 10.93 14.33 15.72 28.97 
68.74 55.37 17.23 53.46 31.13 52.61 28.36 15.91 54.42 24.3 24.36 39.98 41.32 24.09 23.35 11.69 5.56 13.23 7.45 6.94 5.25 12.12 7.09 6.93 24.59 16.69 22.82 19.56 31.82 30.57 
58.57 17.92 40.16 20.16 41.21 53.29 44.3 15.76 47.09 35.61 11.31 23.4 36.59 28.77 10.51 27.04 14.2 6.02 11.61 10.36 12.92 9.96 10.15 10.27 8.24 22.89 9.66 24.15 7.58 19.6 
48.4 46.12 52.2 54.45 20.74 60.17 58.74 54.61 23.54 15.97 54.1 13.8 30.32 12 19.15 23.3 13.78 18.62 9.05 5.56 3.36 12.58 10.14 11.09 6.25 13.21 13.6 8.69 25.78 6.51 
61.28 78.25 60.21 21.38 62.25 52.82 41.14 50.26 19.98 38.27 45.01 13.6 16.51 37.13 11.08 11.93 14.89 26.6 23.27 7.62 10.36 9.57 8.8 12.35 5.57 5.24 11.56 7.15 17.16 18.37 
92.94 73.24 77.76 68.91 74.52 56.92 61.74 29.48 34.32 32.22 39.42 37.75 37.22 31.85 18.46 41.01 34.23 11.33 15.07 14.58 14.51 8.68 11.94 4.56 3.6 3.89 3.23 8.48 11.2 9.09 
79.9 67.61 31.93 26.79 17.82 31.12 29.6 38.17 14.21 26.37 36.68 26.64 50.02 48.65 30.73 24.32 11.35 16.57 10.06 17.46 14.94 15.03 9.58 9.58 10.84 6.7 8.15 5.3 4.73 27.25 
49.43 93.21 36.1 30.37 65.24 82.96 78.75 37.6 46.59 46.74 18.43 42.03 54.07 32.85 31.16 13.56 23.93 23.37 35.96 23.33 24.25 6.93 11.3 4.64 7.05 10.56 11.73 3.43 9.9 3.16 
64.62 87.45 50.79 85.24 29.82 61.71 46.64 55.67 36.66 43.18 14.59 37.82 17.92 22.9 30.15 22.82 30.91 16.54 40.2 20.06 6.25 9.75 10.32 8.19 9.13 10.49 5.11 11.83 11.3 8.85 
61.88 55.77 94.44 48.51 23.71 77.25 41.71 68.7 44.84 29.52 68.1 43.69 30.97 46.77 36.13 51.34 49.91 14.84 30.12 32.78 30.07 18.19 16.26 13.6 24.8 4.39 11.46 13.65 3.99 9.82 
75.13 66.44 84 68.38 82.81 61.84 57.83 73.54 61.91 61.66 53.45 47.17 66.13 34.95 44.93 20.59 52.74 11.19 16.71 40.46 16.94 13.23 18.87 8.81 11.18 20.65 7 10.94 3.74 12.77 
2 0
16.1 5.98 16.69 12.88 22.82 13.71 14.63 22.53 12.41 16.83 39.69 44.16 35.04 59.19 59.44 42.9 53.94 61.32 75.36 80.54 103.86 66.43 58.7 71.78 118.99 62.49 103.1 79.83 68.52 81.67 
9.93 12.47 5.83 5.49 14.66 22.56 12.82 31.08 22.3 42.41 12.85 39.45 47.38 34.47 17.63 64.04 64.53 22 25.53 31.57 75.04 107.22 40.33 80.64 89.2 75.88 85.2 106.57 81 127.08 
6.34 8.6 17.06 14.21 8.86 5.44 16.41 27.02 30.52 35.4 22.54 19.78 21.11 51.15 27.05 57.31 70.43 18.88 53.94 42.19 23.42 23.82 77.39 23.12 106.52 97.06 50.14 108.97 68.62 65.49 
6.66 12.19 11.36 16.67 15.24 5.44 15.94 31.3 16.05 12.91 16.74 38.7 34.28 50.4 46.03 51.65 32.61 57.51 30.74 37.46 80.99 80.84 33.81 84.47 58.9 35.81 56.4 83.41 120.03 68.16 
24.34 5.07 5.19 6.36 7.36 3.88 15.77 13.78 32.94 21.13 11.12 19.41 14.96 46.53 34.41 37.33 65.92 15.8 33.53 38.64 57.36 41.7 44.84 88.95 43.4 31.99 97.47 102.96 26.71 56.5 
11.71 33.62 5.87 9.37 7.47 8.46 12.57 11.79 17.88 12.68 25.67 30.46 31.99 11.67 47.53 34.98 38.43 61.66 42.83 61.32 21.12 25.48 71.4 30.27 54.72 88.18 89.92 87.33 54.4 40.12 
29.3 25.02 16.48 14.1 4.84 8.25 8.85 3.95 8.07 10.76 17.43 8.94 12.17 9.96 19.77 49.99 43.49 49.82 34.05 63.19 45.11 32.64 30.38 48.22 36.21 71.05 105.28 30.92 53.36 82.32 
35.16 31.38 8.06 9.75 4.15 4.46 7.3 9.61 14.12 10.95 9.39 29.18 12.62 24.03 20.52 17.29 34.01 24.13 26.96 69.55 32.87 59.51 63.06 42.52 65.4 38.1 79.94 22.96 72.6 77.7 
28.46 22.16 17.63 18.13 23.16 8.26 4.35 16.28 10.18 14.67 8.77 8.64 18.46 17.69 33.22 30.75 28.14 24.44 48.93 41.24 52.75 63.26 37.9 43.21 30.34 35.17 46.67 80.23 87.79 22.26 
26.51 47.24 14.57 16.35 33.08 18.53 11.09 17.53 7.51 17.46 9.03 17.89 16.39 17.75 12.26 16.46 9.6 36.39 44.38 30.9 50.95 64.77 15.15 56.61 48.28 64.59 28.71 81.87 79.8 77.8 
35.33 43.34 29.69 33.45 11.59 28.3 24.54 15.05 10.81 13.68 14.53 15.79 12.39 7.05 25.25 26.45 8.88 27.1 29.9 33.22 23.52 11.05 15.59 64.64 25.19 60.47 18.47 65.53 41.64 68.79 
18.44 27.39 22.55 25.19 10.64 31.88 14.38 34.21 5.59 14.88 10.51 6.81 14.22 15.92 13.15 12.37 22.44 25.91 28.65 35.18 48.34 53.57 34.55 64.15 22.73 16.51 36.24 37.66 86.41 72.2 
24.12 38.12 16.48 14.93 23.32 31.42 32.13 20.63 24.57 12.76 15.5 15.59 15.76 7.47 11.98 5.01 34.31 7.91 13.27 35.38 26.34 13.4 28.43 18.97 17.87 44.2 69.46 70.41 31.15 46.69 
65.35 67.45 12.1 17.05 18.02 14.97 19.9 19.29 15.95 15.91 6.24 4.44 13.04 13.7 9.32 12.33 15.42 20.2 29.19 21.94 34.15 37.25 28.89 24.77 21.59 18.1 28.01 69.42 58.84 60.64 
48.5 41.04 38.42 51.52 18.56 21.31 27.27 35.34 34.56 13.83 12.99 13.85 15.83 17.41 7.37 9.77 8.4 4.17 11.47 24.22 17.29 33.57 38.46 44.49 47.54 34.08 57.29 34.84 37.68 55.47 
46.22 18.44 15.53 59.19 24.21 27.14 44.97 30.99 22.47 25.12 20.29 20.69 10.62 15.5 9.2 12.91 17.03 8.38 7.39 18.41 18.76 34.93 30.94 12.68 49.68 10.94 53.67 67.31 37.92 47.93 
75.01 63.15 67.26 63.93 29.86 40.72 31.87 35.06 51.81 32.67 7.97 12.45 35.51 8.87 7.25 11.61 10.46 17.1 12.62 3.82 12.98 22.25 24.04 30.26 20.66 20.26 52.15 13.87 48.21 55.27 
82.65 21.59 45.44 69.03 23.24 55.53 34.98 35.95 12.18 37.45 25.68 10.09 33.97 9.87 17.81 6.21 14.22 12.11 13.71 6.44 17.18 17.47 23.47 16.77 31.82 15.81 32.12 24.29 41.37 18.14 
73.89 31.38 21.19 62.23 53.7 22.83 25.06 38.93 33.21 47.63 18.26 20.08 29.01 14 35.19 4.65 8.17 6.53 8.57 9.41 11.72 7.99 11.58 22.3 12.62 28.43 33.6 40.75 31.18 41.8 
68.43 42.68 26.64 64.65 61.14 60.28 24.47 19.38 36.93 52.87 18.38 51.65 15.95 28.3 10.11 34.71 11.25 5.38 6.83 14.46 12.6 7.17 10.22 26.87 11.93 34.89 15.79 40.92 13.88 15.89 
100.41 44.45 28.58 57.35 58.99 39.8 34.32 48.36 64.07 51.98 39.46 22.66 52.26 16.82 35.16 34.27 17.89 10.21 12.81 11.14 8.98 6.37 7.85 5.87 27.27 15.49 23.21 18.7 33.93 19.39 
30.93 85.01 52.56 69.39 82.99 61.06 43.05 67.84 67.78 50.87 33.07 31.26 22.2 28.59 28.04 21.97 32.63 16.39 6.28 10.28 17.86 15.65 15.59 16.47 6.74 34.45 21.37 24.31 23.39 46.96 
103.31 43.55 57.98 67.44 70.79 72.1 53.94 54.69 53.16 44.09 15.08 16.75 45.08 49.04 52.22 22.68 27.67 7.81 33.04 16.38 4.49 6.89 17.06 16.69 4.82 7.7 19.27 13.58 34.84 25.07 
27.69 70.93 106.56 100.38 86.32 82.04 28.81 18.26 20.6 33.82 30.43 50.64 19.08 14.54 22.71 52.82 35.19 9.61 23.82 19.21 4.09 10.27 9.66 11.33 10.46 16.02 3.63 30.26 9.57 17.31 
38.85 100.08 75 36.16 65.42 36.75 74.88 21.4 25.36 43.98 46.48 30.13 65.71 42.51 20.75 21.62 29.58 8.62 12.24 28.9 18.26 7.94 10.16 12.66 12.19 13.81 7.56 5.15 32.31 33.92 
79.39 75.51 102.65 68.11 57.26 62.84 73.86 46.89 31.97 63.28 64.64 64.59 34.15 46.28 32.86 24.88 12.67 18.64 26.17 34.38 9.79 22.98 12.2 7.91 10.78 14.52 15.49 12.19 12.89 16.5 
65.34 43.08 53.96 74.04 40.67 31.52 48.12 63.64 51.55 52.62 58.44 66.46 52.32 25.7 49.3 32.81 33.64 50.69 40.88 13.26 14.2 8.51 33.11 14.17 4.97 4.59 12.91 3.71 7.28 11.91 
82.1 73.8 92.97 33.61 105.16 56 83.43 88.21 76.37 21.92 64.78 66.37 41.05 67.09 46.21 21.69 17.39 43.09 43.17 14.85 19.44 20.14 18.14 14.26 10.15 16.11 5.78 7.87 11.4 7.93 
135.37 82 91.81 109.24 46.1 40.59 56 53.93 28.92 31.46 25.28 48.72 76.5 24.92 49.71 42.4 46.45 47.06 29.56 17.83 27.47 19.1 24.67 30.04 12.31 17.72 7.14 14.95 10.15 13.74 
141.48 70.07 105.92 25.34 47.66 117 100 38.15 67.5 92.33 80.9 57.88 89.29 70.65 63.03 28.44 65.62 27.11 35.87 13.13 35.38 50.41 8.68 21.78 29.75 33.67 12.85 6.88 9.71 12.37 

40 0 28 0 0 60 0 37 48 48 21 75 0 47 54 54 21 88 0 0 80 37 0 43 0 84 0 36 82 0 

0 0
0 30 0 30 47 0 8 0 0 0 0 0 31 0 0 0 0 0 8 3 0 0 60 0 4 0 49 0 0 58 
1 0
0 86 0 21 32 0 61 0 0 0 0 0 66 0 0 0 0 0 20 33 0 0 23 0 21 0 76 0 0 95 
2 0
0 87 0 75 1 0 90 0 0 0 0 0 11 0 0 0 0 0 51 83 0 0 59 0 37 0 28 0 0 86 
