30 1 3

1 2 3 

0 0
4.07 3.42 6.65 2.8 6.87 12.81 11.17 6.69 12.83 10.13 18.42 15.54 6.2 8.43 13.57 9.94 18.02 20.67 8.04 19.89 12.95 34.72 35.85 40.14 10.78 17.8 19.71 31.59 18.48 38.68 
2.23 2.21 3.58 4.13 3.63 5.65 4.67 5.53 5.35 17.34 12.47 6.3 15.81 22.98 6.24 27.5 25.2 9.24 31.39 7.11 21.5 10.58 18.55 33.21 24.24 17.65 40.75 33.3 43.15 37.41 
5.35 1.61 2.44 2.84 1.48 4.64 6.87 7.32 5.36 4.41 19.06 9.76 7.85 12.19 7.43 11.01 24.06 14.3 26.07 25.73 8.99 22.72 33.28 33.54 36.34 26.69 10.1 9.89 43.37 41.14 
5.58 6.37 6.42 3.41 3.64 6.61 5.97 13.33 10.71 7.38 9.64 7.43 19.48 13.73 4.47 21.97 20.46 15.99 21.68 29.73 10 10.89 32.11 16.98 38.73 21.27 8.59 21.97 35.84 42.18 
8.48 3.6 3.76 4.31 5.47 1.86 5.36 5.49 5.07 7.57 13.57 5.75 17.38 4.54 14.74 18.78 8.34 22.19 22.83 8.81 18.12 28.63 24.68 18.54 15.74 31.16 37.37 11.45 28.16 16.78 
12.48 13.45 6.55 4.09 1.53 5.86 4.7 5.45 2.44 13.71 7.81 7.22 6.37 8.17 14.73 8.9 12.92 14.4 20.81 25.37 13.96 13.68 33.64 29.56 32.68 15.91 33.73 41.14 12.97 20.81 
6.34 6.37 4.74 3.74 2.57 5.41 3.32 3.3 3.03 6.15 3.4 11.6 11.24 11.23 14.33 18.94 11.15 15.33 10.74 7.11 22.27 7.35 9.76 7.19 32.27 20.67 34.3 10.81 14.34 35.93 
12.57 10.1 3.1 13.28 3.06 1.65 3.41 2.98 6.13 1.57 1.61 3.37 10.51 3.47 5.44 19.97 9.64 4.93 18.07 25.56 17.87 19.01 11.76 27.93 13.4 33.99 11.57 22.4 13.6 16.43 
4.7 7.4 13.06 4.93 8.19 2.98 2.06 3.79 3.02 6.28 5.04 1.63 7.71 13.15 10.02 7.91 19.05 19.68 14.69 18 27.17 21.75 15.42 16.73 10.48 31.76 26.77 33.43 9.75 16.12 
7.16 17.48 11.45 8.11 11.14 4.37 6.9 4.78 5.11 6.78 5.91 5.56 4.33 11.96 8.7 4.49 9.66 11.67 14.87 7.6 9.66 19.8 12.99 26.35 5.84 8.03 8.76 6.97 10.99 9.71 
8.6 14.05 6.14 9.36 11.64 5.94 8.34 1.66 2.77 2.6 2.15 6 5 5.08 12.72 4.13 10.95 7.13 11.68 8.61 9.32 17.49 25.24 9.06 23.81 13.07 21.51 14.46 28.25 10.05 
17.16 14.3 20.29 7.5 7.28 5.56 6.77 9.69 6.73 5.43 3.39 3.82 6.18 6.71 3.76 13.07 12.1 13.2 12.61 10.17 6.73 19.64 14.53 11.7 15.01 13.09 22.17 28.55 18.18 8.03 
23.68 17.41 12.99 9.39 15.62 11.44 9.74 4.79 9.95 5.95 4.64 2.97 6.07 4.89 3.35 1.86 10.34 6.89 3.89 9.19 7.91 17.56 19.04 8.16 10.4 21.65 21.64 15.07 29.98 10.71 
10.69 26.94 15.78 6.7 20.17 5.73 6.88 3.83 8.63 9.19 5.54 5.49 4.06 1.94 4.82 2.45 2.84 10.78 12.22 6.77 3.57 14.41 10.8 12.47 20.65 22.84 19.7 22.63 10.39 33.26 
9.82 12.58 21.93 11.62 17.56 17.66 9.13 4.62 6.8 13.13 2.83 3.68 5.05 5.61 3.65 6.04 1.45 4.38 7.25 4.56 5.92 11.56 17.56 19.32 11.84 8.33 26.04 25.74 12.85 18.05 
27.63 21.18 13.62 11.33 17.78 15.38 11.45 19.72 7.43 3.13 7.47 4.1 2.02 3.83 2.95 5.88 5.74 3.86 5.59 4.25 11.05 8.07 5.34 5.73 4.33 14.22 18.69 25.42 12.75 22.8 
24.87 23.11 23.39 22.88 11.78 19.76 12.78 14.26 17.51 5.19 12.33 8 10.7 4.19 1.76 2.45 3.73 3.25 5.21 2.19 13.79 7.85 7.39 8.61 18.34 7.9 4.99 6.12 16.63 12.3 
34.21 15.44 24.42 20.45 6.61 17.65 8.93 9.99 4.86 20.68 2.89 12.55 11.83 8.84 5.86 6.79 2.67 6.86 5.8 3.16 6.1 7.74 5.74 3.1 10.5 19.85 7.7 15.37 19.87 8.96 
23.93 17.37 30.44 10.08 7.95 26.63 22.96 14.91 6.31 13 16.64 6.75 3.65 10.35 4.24 4.73 5.12 3.85 2.12 6.5 1.49 2.92 10.03 4.34 8.65 7.19 4.56 6.6 8.89 11.86 
17.2 26.24 31.65 8.13 5.95 26.82 16.47 25.68 16.33 4.36 20.2 13.23 4.53 2.92 13.14 12.87 3.13 2.84 5.26 6.16 3.88 6.24 4.83 5.53 4.41 6.04 4.33 6.53 20.69 9.75 
39.72 10.93 25.25 7.25 18.59 11.48 22.27 24.16 27.33 10.04 8.48 18.37 10.03 8.17 13.2 3.27 7.29 3.5 4.29 3.78 5.08 2.51 1.5 4.2 3.12 11.81 3.1 5.67 18.49 18.71 
20.18 24.63 33.99 29.16 29.23 24.82 20.85 6.5 15.97 25.42 11.86 14.63 10.76 15.21 5.68 8.12 13.02 6.38 2.69 3.84 4.58 3.04 5.68 4.05 6.03 5.65 9.34 3.67 10.04 15.33 
37.09 16.18 8.96 17.25 8.89 8.33 19.31 14.99 18.82 14.3 21.89 20.15 16.25 14.27 17.93 5.17 3.51 10.44 3.82 4.2 1.71 6.8 6.63 3.23 4.83 5.45 3.31 6.69 8.83 10.37 
9.6 22.96 32.52 38.32 8.19 21.45 29.78 7.94 25.26 15.79 15.49 13.96 8.86 14.93 12 15.7 12.67 9.03 8.83 6.12 4.68 1.51 3.77 3.58 5.61 2.95 2.57 3.15 13.43 11.57 
11.44 34.86 36.5 33.69 22.7 22.87 25.07 14.38 27.43 15.25 7.51 8.75 26.61 5.57 20.63 9.97 9.17 11.88 9.3 3.25 12.6 4.35 5.37 1.86 5.84 4.95 5.89 2.37 13.48 8.16 
11.08 23.8 13.16 12.3 21.84 12.14 17.15 34.45 13.07 26.7 10.54 15.79 20.2 8.76 7.79 14.63 19.11 8.19 10.84 7.85 9.08 5.77 5.16 4.94 6.51 5.24 4.4 2.45 4.36 6.46 
36.65 18.35 44.27 29.29 35.35 37.69 31.52 14 16.15 32.49 14.66 22.02 18.78 24.4 24.94 11.08 17.09 6.88 7.59 5.91 4.6 9.44 4.36 2.19 6.53 6.41 5.92 4.85 6.46 1.66 
10.99 22.91 34.02 25.68 18.3 39.66 38.75 36.62 16.85 13.05 21.5 11.39 16.97 6.11 7.22 24.9 15.09 7.36 13.37 18.61 5.69 5.1 13.18 11.42 2.92 6.08 1.56 4.94 2.33 3.8 
15.26 38.84 11.98 12.64 24.98 16.59 14.78 22.5 15.93 15.75 25.81 16.17 22.34 17.53 22.72 5.78 23.05 9.7 13.99 20.6 18.85 13.39 9.19 8.79 5.84 1.69 4.66 6 5.84 2.45 
50.96 31.68 16.01 23.88 10.6 36.66 9.42 40.33 30.28 41.38 19.05 10 24.04 12.28 15.25 25.97 6.82 26.13 17 13.55 19.39 14.17 8.39 10.24 11.85 9.21 3.13 1.48 3.39 6.09 
1 0
11.22 13.34 5.3 8.61 19.65 21.43 12.87 26.43 13.91 41.2 13.35 20.61 13.69 39.92 25.83 53.06 48.42 67.83 32.69 49.29 43.15 78.38 36.53 36.99 73.79 73.83 25.96 93.15 98.37 24.25 
9.72 2.94 6.56 7.18 12.85 7.03 16.48 23.62 19.42 31.76 11.7 10.72 40.45 12.86 33.91 22.39 32.81 46.93 42.82 41.92 45.62 80.95 65.14 60.7 42.08 25.11 68.05 85.4 85.92 55.77 
3.82 9.89 10.02 12.55 8.76 12.31 17.44 11.18 14.48 19.41 14.19 40.01 16.19 33.17 47.53 40.06 15.13 12.84 59.19 61.15 36.65 50.77 46.05 81.86 28.1 23.39 21.08 86.13 56.12 82.46 
11.65 12.44 6.06 5.37 8.65 10.07 10.2 9.07 11.03 21.2 26.21 11.98 15.49 30.49 19.34 46.95 32.63 43.96 41.04 31.57 16.95 68.53 27.3 81.46 23.15 74.94 62.25 70.84 36.03 94.97 
8.6 9.28 4.96 3.21 5.46 3.55 5.66 7.68 12.73 17.11 10.11 9.91 22.5 12.99 25.17 24.42 29.89 31.43 44.66 55.09 65.67 31.37 40.24 64.98 33.29 40.61 64.64 17.08 19.92 71.3 
16.4 13.99 11.65 9.17 6.8 9.95 8.2 6.34 7.02 27.46 13.91 18.36 19.08 30.16 8.85 24.68 19.75 42.09 48.11 24.63 31.71 27.74 31.46 22.54 62.66 32.84 79.89 27.19 51.61 87.73 
20.07 13.28 25.67 10.57 13 9.38 9.89 9.64 6.97 3.57 26.94 21.24 27.41 13.66 31.19 14.05 28.62 36.48 35.61 22.67 18.4 27.2 39.96 42.53 16.9 62.41 56.7 29.28 25.92 23.97 
22.27 9.13 26.19 24.13 3.44 5.2 5.48 12.32 7.32 3.13 3.1 12.36 18.97 20.35 18.57 19.29 31.54 41.15 38.27 46.29 32.89 45.54 24.26 16.79 50.85 66.47 22.62 44.1 50.38 60.33 
38.1 13.58 20.67 20.44 25.86 4.76 3.54 12.34 11.54 13.8 3.63 4.14 13.2 25.97 15.22 18.66 38.24 18.98 39.34 24.93 27.01 47.8 13.21 33.63 35.77 25.02 68.04 61.5 44.55 57.55 
41.3 14.8 18.33 15.93 19.21 14.15 8.03 6.31 9.32 5.26 12.36 3.08 3.68 11.82 5.74 21.34 8.17 36.87 39 28.08 32.03 22.85 21.7 26.6 39.56 34.6 64 16.16 33.6 64.36 
22.08 16.12 41 5.82 23.83 14.14 25.36 7.7 5.52 4.02 11.73 8.88 3.36 7.18 25.37 6.84 16.29 14.13 36.43 25.1 39.5 35.38 28.47 55.28 36.66 40.68 26.28 66.52 44.39 25.66 
34.59 13.28 24.8 39.28 26.36 27.13 17.95 16.34 12.57 4.21 10.14 6.32 7.63 11.04 5.23 26.5 5.89 8.97 5.96 26.88 19.65 15.71 25.15 13.2 26.82 35.94 19.38 68.97 29.22 39.7 
26.25 33.64 18.14 39.48 34.97 11.5 24.4 18.79 27.4 8.73 13.7 12.65 13.09 9.52 10.86 6.85 17.06 25.93 27.28 15.1 29.55 33.04 36.97 20.28 32.05 45.33 11.84 54.62 50.88 38.79 
47.19 47.04 27.17 12.92 38.98 8.91 11.07 21.5 10.84 6.91 9.28 10.74 9.78 6.43 3.14 8.88 7.88 19.59 13.88 27.19 13.32 38.37 13.35 20.51 14.74 51.97 53.74 49.6 47.71 38.26 
28.72 13.77 27.92 25.85 34.77 15.05 33.22 16.36 17.47 20.2 9 4.98 4.18 9.59 5.93 5.04 11.01 9.71 26.43 14.71 16.67 9.45 32.4 33.11 13.23 33.58 40.12 36.33 27.88 38.78 
22.57 23.2 34.88 44.75 9.97 35.44 37.55 15.56 25.22 18.78 8.81 13.91 4.84 8.3 10.04 5.17 7.63 7.55 9.53 10.4 5.88 10.78 25.26 41.15 32.47 17.8 41.53 18.14 15.29 38.54 
36.66 43.64 47.75 54.25 12.21 21.06 22.68 26 39.91 24.51 16.18 22.21 13.07 3.42 7.7 3.93 8.29 12.99 9.62 3.66 26.92 19.36 6.72 11.9 35.26 17.71 8.81 8.58 49.03 42.5 
63.47 16.32 12.34 24.29 14.14 19.49 27.85 30.89 30.41 14.58 14.91 9.79 21.06 16.98 4.51 11.65 9.17 11.86 5.7 8.68 6.97 13.92 25.96 6.32 26.82 21.77 35.6 19.71 17.62 35.73 
50 39.19 67.42 32.18 32.33 47.56 35.85 32.53 32.43 18.17 22.16 26.71 27.53 21.29 22.23 9.52 7.47 9.5 11.21 3.89 12.13 5.67 12.41 21.27 13.82 17.96 13.96 11.21 33.42 36.73 
27.22 54.08 19.53 33.86 44.44 19.88 24.15 20.85 38.19 26.6 32.4 34.7 25.27 20.06 19.59 12.19 12.46 12.82 11.03 7.06 10.59 3.47 7.32 21.54 6.19 19.14 27.67 15.22 29.97 24.54 
65.23 64.24 49.94 39.97 52.84 23.59 21.14 17.93 23.82 35.29 32.35 34.02 29.95 19.59 23.62 22.63 18.97 5.62 6.43 7.65 8.39 13.35 9.97 8.04 14.75 26.3 9.7 22.98 16.64 38.09 
76.52 44.24 21.96 14.17 30.02 63.91 43.51 54.93 50.83 52.88 26.63 18.94 31.52 30.64 13.34 9.68 15.69 15.27 7.73 5.91 7.44 7.19 12.5 3.11 6.82 22.51 18.69 12.95 15.87 10.98 
41.2 46.25 79.62 32.44 51.6 16.63 68.07 23.81 21.92 17.97 46.43 35.49 23.58 37.51 25.61 20.53 15.66 21.7 19.1 7.8 13.61 8.16 8.05 4.17 11.71 5.49 8.97 5.86 26.81 22.16 
55.02 50.16 41.52 55.71 33.32 34.35 30.22 33.43 35.69 13.12 14.75 27.18 24.85 31.23 30.57 9.08 25.91 13.81 13.83 15.35 9.45 5.71 6.09 6.99 12.27 4.15 3.01 8.43 24.45 26.9 
82.24 44.79 34.25 31.42 20.97 66.93 25.2 30.31 26.68 39.13 50.98 44.76 49.55 11.59 11.5 12.49 12.23 21.07 20.01 16.75 12.11 7.39 5.95 13.63 11.57 12.61 13.36 3.31 6.37 8.35 
83.28 19.84 64.74 16.84 36.9 53.65 15.2 19.18 21.07 44.39 11.63 11.58 51.87 18.23 41.57 33.44 15.78 19.96 6.06 11.29 16.9 27.11 4.94 9.92 3.37 6.74 4.15 6.47 4.92 21.37 
30.63 64.51 94.11 29.56 53.79 52.73 50.07 68.38 47.93 38.93 29.48 20.94 30.72 11.98 35.67 13.09 30.38 29.38 9.79 10.91 25.2 15.66 12.64 11.98 11.92 3.1 11.91 11.87 5.41 7.78 
21.66 26.21 51.87 77.32 63.1 32.37 46.98 49.96 52.48 21.43 68.2 34.93 26.38 13.64 38.06 37.5 34.07 33.4 35.69 39.51 11.06 13.04 16.34 15.63 13.08 5.98 10.76 6.96 3.29 7.68 
54.04 49.04 92.89 42.5 74.76 68.56 82.48 49.65 72.37 55.13 55.73 58.55 16.43 17.28 34.85 31.52 49.92 10.95 27.65 14.84 15.78 22.86 6.92 23.93 25.23 11.91 5.27 10.73 4.96 7.24 
84.69 106.78 96.78 71.35 55.39 67.9 60.93 66.5 38.33 82.76 36.38 44.08 45.95 65.86 34.17 50.93 37.81 32.83 38.03 15.66 8.57 35.94 14.31 9.55 10.86 18.06 7.56 8.74 4.13 9.88 
2 0
8.1 15.97 8.02 16.13 35.08 25.56 23.39 22.6 19.6 39.83 34.16 24.3 41.74 45.49 64.46 33.54 79.09 62.6 42.59 28.28 26.2 69.3 44.82 99.85 91.28 30.55 36.24 28.06 60.51 63.45 
9.45 12.35 4.25 12.91 13.35 30.5 15.6 30.63 16.29 31.75 41.55 26.03 15.72 20.57 65.84 45.06 43.52 50.42 56.78 49.35 26.59 22.18 41.34 57.29 82.23 80.82 32.77 92.88 34.2 135.07 
5.05 6.31 6.48 9.06 13.46 13.01 29.34 23.57 34.22 28.08 46.69 36.01 24.8 20.39 46.74 15.55 36.12 45.58 61.13 56.94 82.74 19.62 58.35 103 58.39 56.38 113.61 37.42 56.44 44.7 
9.82 17.29 8.26 4.81 7.78 12.05 4.39 12.29 33.92 8.5 35.07 20.84 18.15 38.33 32.88 51.37 33.91 26.18 15.1 44.82 67.1 57.13 77.5 69.85 70.18 32.3 67.02 27.47 80.89 68.79 
19.3 8.86 4.22 4.06 8.86 16.99 9.53 13.51 10.52 15.42 19 26.2 14.65 31.12 44.59 31.75 66.69 58.2 60.12 34.42 57 25.99 67.74 48.86 53.37 23.09 85.12 41.69 31.84 30.27 
32.71 17.1 12.47 14.02 14.01 12.33 7.94 17.41 13.74 12.13 35.77 31.26 17.8 27.24 39.14 48.1 34.23 71.48 32.23 43.39 25.63 65.86 45.09 26.79 87.6 38.71 83.94 33.4 26.79 75.23 
13.92 22.99 20.22 14.2 7.46 12.05 6.39 13.18 15.96 13.36 27.77 22.93 35.27 20.71 48.3 40.64 40.93 16 55.72 18.17 52.06 47.48 68.35 83.14 59.05 22.01 44.39 97.64 43.67 60.14 
22.93 26.55 32.46 32.03 6.81 11.22 16.48 4.37 4.6 13.97 9.81 32.27 18.56 17.83 21.59 36.61 49.07 37.42 49.11 26.85 71.25 50.49 17.35 51.39 45.97 43.2 78.5 93.89 84.45 68.92 
31.49 14.6 10.86 8.62 21.84 12.52 11.91 13.19 6.26 17.9 16.18 15.34 8.92 24.83 10.12 13.43 17.62 29.11 23.73 41.33 46.65 38.57 39.75 51.59 72.01 49.66 35.08 75.8 70.1 80.73 
50.79 23.39 9.23 26.03 25.22 19.82 7.68 13.98 8.05 5.48 17.49 4.75 4.32 22.41 19.88 14.47 24.37 40.89 40.94 50.71 49.01 17.28 54.81 30.49 46.72 26.44 30.76 57.77 27.48 74.47 
43.49 14.6 46.48 14.03 31.7 21.97 29.8 6.42 3.87 8.76 12.34 16.88 7.04 14.27 33.74 34.89 34.04 19.32 13.27 30.59 12.31 48.13 34.09 29.04 69.59 50.09 36.14 22.42 82.21 63.68 
47.95 38.72 15.85 45.93 30.25 22.82 30.64 21.11 7.19 6.46 6.3 17.9 4.71 4.97 5.73 13.25 28.7 29.08 23.09 12.36 13.16 18.23 20.47 59.63 29.43 41.42 50.97 57.85 76.34 56.48 
50.76 23.79 16.44 24.32 52.77 33.77 25.35 18.72 10.11 3.61 11.69 15.93 16.81 9.15 13.94 13.79 7.2 21.09 26.52 9.84 52.3 23.24 35.49 34.09 42.46 15.22 22.84 35.92 67.31 51.81 
69.22 50.58 22.7 51.36 33.94 34.23 16.74 28.83 21.61 8.04 3.65 7.55 6.26 5.35 3.67 11.62 17.26 32.31 14.54 17.22 28.82 38.91 32.03 39.1 11.01 31.79 26.12 51.66 37.76 30.65 
56.09 16.77 60 30.72 47.92 42.47 36.41 30.36 31.31 33.47 7.36 13.34 17.61 7.98 10.42 10.2 16.21 15.46 24.18 27.98 22.52 17.88 51.87 40.04 16.01 49.51 22.57 27.29 66.13 47.75 
34.94 49.64 15.87 26.88 47.52 18.67 36.16 38.25 27.85 10.09 30.41 16.11 5.62 12.7 12.68 16.05 13.7 16.2 12.86 29.65 31.99 19.35 24.67 49.53 17.1 50.98 31.66 17.52 25.23 20.43 
37.41 41.79 27.06 69.51 43.64 20.89 13.39 52.62 45.56 18.31 13.93 34.51 13.07 5.29 8.09 6.61 14.18 11.09 4.26 16.73 8.82 15.87 18.71 12.05 28.49 13.5 15.28 41.39 64.81 39.68 
71.93 73.46 23.27 59.51 21.45 15.45 43.6 36.94 43.02 12.68 8 21.61 17.77 19.36 12.89 15.02 8.39 14.35 6.67 12.3 11.91 25.53 22.21 22.71 14.09 18.96 11.97 43.85 32.76 62.41 
36.14 65.38 78.74 19.67 46.19 56.79 20.06 15.96 11.8 16.56 39.25 25.58 33.38 15.35 14.58 5.13 9.58 4.9 9.63 12.66 5.6 7.08 15.64 25.78 10.46 34.05 46.3 42.84 40.89 41.3 
86.42 65.96 33.3 60.8 65.69 68.98 50.37 34.26 14.59 16.44 18.82 49.1 34.29 8.33 15.37 30.55 17.12 5.36 10 3.93 6.43 7.38 14.36 16.71 9.57 9.3 22.98 19.7 11.12 16.2 
92.79 43.61 84.72 24.84 19.61 38.09 55.71 30.3 53.77 28.06 51.12 30.07 45.38 14 11.56 22.83 10.67 17.31 8.95 5.41 8.29 16.46 13.54 4.8 19.75 23.19 28.54 23.72 19.97 25.94 
25.26 77.8 87.32 87.27 78.25 56.4 48.74 46.18 46.43 15.72 19.46 31.33 28 53.73 9.61 30.54 14.18 21.42 11.55 8.68 9.36 7.95 7.98 7.89 8.56 23.36 28.67 18.25 35.43 25.88 
33.49 77.79 72.67 66.88 77.45 58.96 89.04 68.36 44.08 57.22 17.17 18.33 45.11 50.81 16.57 14.09 32.71 22.76 23.96 7.34 16.15 9.81 14.92 8.9 7.69 4.98 35.78 13.07 18.33 8.93 
57.39 31.96 23.11 79.45 70.34 60.7 38.25 88.85 48.59 59.89 14.98 71.62 20.92 43.09 21.88 49.36 27.42 11.92 28.48 25.15 17.19 7.04 11.19 9.34 6.53 11.83 15.42 19.7 32.87 22.67 
46.82 74.04 69.51 33.77 38.75 36.17 84.47 76.08 43.13 61.14 58.86 20.5 69.64 36.48 35.37 45.15 33.12 15.62 23.96 15.56 30.63 11.46 10.93 15.99 5.3 7.09 6.72 13.56 11.22 28.67 
95.02 38.53 42.86 94 93.15 38.85 67.35 55.33 22.77 73.4 26.67 39.06 46.23 38.75 50.43 15.7 50.13 27.95 26.6 30.73 11.51 26.54 17.19 4.67 15.94 12.16 9.37 14.1 8.03 8.4 
35.55 99.94 71.38 71.48 78.01 51.38 70.76 62.13 28.46 81.11 49.23 69.55 26.41 71.33 64.15 46.24 14.42 27.99 33.57 26.18 35.33 34.66 26.86 16.46 12.54 7.22 17.73 16.96 7.84 9.58 
111.94 71.1 49.48 66.95 78.01 65.24 87.86 64.08 18.93 34.95 81.68 19.43 56.19 65.23 61.99 39.92 34.52 50.01 24.04 36.05 9.69 28.15 31.27 34.91 9.07 4.66 17.78 9.45 7.68 9.25 
128.36 88.36 42.81 56.74 99.54 24.68 35.05 70.91 28.13 49.31 39.46 49.77 81.77 66.43 17.07 19.42 55.95 32.68 25.93 46.34 15.3 9.79 26.21 29.53 30.57 16.36 8.38 15.8 15.73 5.78 
93.02 90.68 60.16 73.65 69.37 77.02 59.48 35.22 42.42 61.75 33.32 25.78 52.45 28.61 59.09 59.87 65.73 22.27 40.85 40.38 50.34 21.01 25.65 24.51 28.47 7.5 12.59 11.5 11.42 9.43 

0 0 55 97 0 0 0 28 84 51 0 0 56 0 68 90 29 3 34 83 71 0 91 0 92 57 25 74 53 62 

0 0
0 44 0 0 64 82 30 0 0 0 11 41 0 57 0 0 0 0 0 0 0 120 0 121 0 0 0 0 0 0 
1 0
113 54 0 0 60 34 38 0 0 0 52 120 0 74 0 0 0 0 0 0 0 109 0 53 0 0 0 0 0 0 
2 0
52 126 0 0 44 48 0 0 0 0 18 70 0 43 0 0 0 0 0 0 0 44 0 104 0 0 0 0 0 0 
