30 1 3

1 2 3 

0 0
5.59 6.79 5.78 2.75 9.05 6.67 11.83 3.1 4.98 15.29 7.32 12.3 9.67 12.29 17.34 24.1 21.48 31.54 31.82 20.47 37.7 24.59 23.21 10.76 46.65 28.77 29.26 11.3 28.42 16.39 
6.01 1.97 4.22 1.95 4.21 5.35 4.35 7.39 4.68 10.9 17.03 14.48 5.51 24.71 18.02 20.94 21.81 8.5 15.5 31.72 19.55 8.79 41.11 27.63 34.09 23.96 45.25 28.3 45.86 43.14 
2.5 3.35 3.41 4.83 4.02 4.44 8.54 11.6 9.56 7.24 17.98 19.88 11.33 19.61 9.97 22.04 6.52 23.93 30.17 15.48 31.91 13.3 35.11 36.16 13.32 13.25 12.93 34.59 25.16 15.34 
4.38 3 3.93 2.16 4.83 1.85 2.47 12.12 4 9.12 3.21 17.51 17.7 10.01 9.06 16.5 16.45 24.09 23.24 19.59 32.04 13.58 8.27 39.18 18.58 24.39 21.48 46.48 18.3 18.96 
6.93 3.64 6.12 6.06 5.76 6.88 6.88 2.94 9.66 8.6 10.74 13.62 10.74 14.74 17.41 14.28 6.49 11.04 6.85 19.49 31.8 30.68 24.99 28.58 38.49 10.03 24.31 17.01 34.77 20 
10.48 11.47 2.65 2.53 4.45 2.81 5.35 6.68 4.26 5.88 4.04 4.74 13.16 7.7 13.47 11.73 6.03 27.31 22.38 8.94 9.09 17.77 15.82 30.18 19.33 13.04 9.58 31.52 41.42 19.83 
10.89 12.97 10.13 2.41 5.51 4.31 4.01 2.45 5.1 4.73 12.77 7.62 7.62 7.33 12.74 8.44 9.39 9.89 22.19 5.91 26.29 10.05 12.75 11.74 33.38 27.57 18.99 35.43 21.91 41.3 
10.32 6.69 7.11 5.66 6.63 4.85 2.04 3.47 4.76 1.89 6.89 3.28 8.31 7.01 11.22 18.59 10.23 18.68 10 25.92 13.44 17.57 15.94 18.67 28.56 29.34 23.26 23.18 40.16 27.37 
10.7 3.79 8.55 4.88 5.72 2.32 1.45 4.58 6.65 5.79 1.98 2.37 13.04 12.99 6.34 3.1 15.19 7.84 13.23 14.17 11.42 12.72 10.64 20.35 25.3 31.06 23.49 32.1 39.05 19.96 
15.74 11.99 11.32 4.86 10.08 5.04 6.42 1.68 6.9 5.74 2.74 6.12 2.91 7.78 9.7 7.19 3.2 13.7 6.26 7.1 8.77 22.58 17.95 10.81 12.88 28.64 13.21 24.43 22.04 37.16 
13.52 10.63 13.06 12.13 10.85 8.32 7.11 4.78 5.66 6.15 5.16 2.98 3.71 5.04 9.14 10.55 4.36 4.76 20.38 12.33 13.13 11.99 26.32 16.13 19.8 24.81 14.47 22.46 14.61 29.82 
15.2 18.48 4.42 4.67 4.18 6.2 12.3 5.88 2.35 3.65 2.59 1.73 4.2 3.55 2.99 6.56 9.68 8.22 7.73 12.38 6.02 13.15 15.78 24.84 6.76 19.2 23.98 33.47 15.91 33.31 
12.99 14.19 6.63 18.24 15.8 5.8 11.44 11.25 4.55 5.88 4.79 3.43 4.24 5.09 4.59 5.22 3.66 3.56 4.94 4.65 10.9 5.95 5.61 16.8 23.42 9.38 12.65 24.42 16.5 28.4 
14.71 9.8 9.67 6.58 10.02 13.5 13.18 9.92 7.91 7.09 1.6 3.64 4.04 1.68 6.04 2.55 4.96 3.46 7.49 3.24 5.22 18.52 17.36 9.39 7.38 15.95 15.95 10.2 18.37 24.45 
12.49 8.26 8.27 17.4 14.12 15.22 17.19 8.6 13.42 5.06 11.58 4.97 3.07 3.67 5.22 5.83 2.89 5.6 4.09 10.09 6.79 8.13 17.23 12.22 9.07 19.8 14.01 11.52 21.14 24.21 
23.92 9.75 22.59 12.98 15.67 13.49 18.77 10.91 3.96 3.21 12.76 8.85 1.68 2.91 2.35 2.52 3.22 5.45 5.81 12.91 3.53 13.01 6.48 15.05 6.4 16.2 12.45 13.14 11.26 6.52 
32.66 26.84 10.6 17.4 20 8.79 4.41 13.54 9.45 9.9 4.36 4.82 11.67 5.8 2.36 3.04 2.9 2.46 4.89 5.55 6.22 11.71 5.16 9.08 7.36 18.24 15.24 5.04 25.45 14.62 
9.26 33.44 27.08 16.4 7.55 15.74 17.62 9.93 14.87 6.9 8 10.34 12.43 11.91 4.78 4.71 5.54 1.51 4.88 5.91 6.85 8.75 9.56 3.84 13.21 14.1 7.36 10.5 19.71 21.64 
31.72 22.47 28.54 15.55 6.99 14.07 25.18 13.13 20.68 11.97 17.24 2.82 6.06 12.34 7.45 4.72 2.42 2.21 1.51 1.57 5.18 4.39 13.19 9 7.28 13.62 8.81 8.98 20.76 14.34 
25.04 28.49 29 27.63 25.92 11.21 24.4 19.55 8.12 6.3 18.52 5.89 6.18 2.8 4.56 8.9 1.87 6.62 2.95 2.25 6.36 2.47 2.91 12.48 4.97 3.48 6.17 7.08 19.53 7.61 
30.86 32.52 26.04 7.6 29.56 15.54 21.8 13.89 13.78 8.27 19.65 10.21 20.53 5.45 10.82 6.81 12.06 2.23 3.12 1.7 4.54 6.22 6.57 5.04 9.99 6.63 9.67 3.59 17.95 19.87 
15.72 14.81 26.52 27.18 8.77 8.68 7.2 20.75 7.98 7.82 5.5 8.82 19.17 6.86 11.95 7.22 5.19 9.11 4.18 1.9 5.27 6.54 4.82 1.8 3.32 12.23 7.97 8.59 5.29 10.79 
21.62 10.7 14.31 17.39 33.75 20.27 33.7 11.6 18.8 27.63 18.7 4.24 18.07 17.65 8.25 5.26 11.33 9.85 9.63 3.56 5.51 6.02 1.43 3.21 6.43 1.79 2.92 8.18 11.54 13.86 
14.46 29.25 19.95 37.45 19.62 11.34 27.63 25.04 21.59 23.6 12.59 15.7 10.52 19.69 19.17 19.96 5.14 3.09 3.87 8.69 3.69 6.21 4.43 6.25 2.22 5.87 5.99 10.66 7.81 8.94 
12.86 21.64 35.77 12.83 38.76 12.62 17.24 13.27 27.43 22.32 24.02 19.45 7.17 15.44 9.72 4.52 19.96 12.09 5.12 12.06 2.78 2.52 5.56 3.25 3.14 5.49 2.5 5.26 10.2 6.78 
42.96 22.51 15.54 21.13 29.39 10.65 13.58 19.17 31.78 22.29 6.55 12.9 26.46 15.18 14.29 17.4 20.14 15.53 3.39 10.03 11.67 10.47 4.57 3.03 3.79 3.58 6.1 6.83 3.52 4.01 
34.02 45.66 12.11 20.46 24.17 29.7 16.65 17.09 17.29 20.67 25.24 14.09 9.35 26.63 24.61 16.47 13.74 12.15 11.33 9.58 10.57 9.41 10.62 3.72 5.93 6.86 6.46 6.62 3.38 2.44 
13.04 46.28 40.97 42.4 27.15 24.83 26.5 38.06 20.07 27.41 14.46 29.43 26.63 11.16 6.22 10.35 13.2 17.94 13.01 19.67 9.09 11.51 11.44 12.83 5.83 4.85 4.98 6.85 3.12 2.2 
31.46 47.92 42.49 43.36 18.13 10.84 25.7 36.31 25.6 31.61 14.08 25.86 29.01 13.6 21.26 27.06 26.43 16.87 6.04 16.9 19.81 12.58 12.29 7.93 9.27 6.1 2.03 5.22 6.23 4.32 
28.52 31.58 16.46 10.26 23.55 22.99 34.19 12.47 32.94 34.85 31.72 18.42 26.67 20.12 21.43 20.09 17.36 19.51 14.64 8.47 18.18 10.82 4.68 9.42 7.59 4.8 5.93 5.39 6.04 5.76 
1 0
10.24 10.91 9.98 9.31 7.89 12.6 18.74 27.19 28.89 15.92 18.03 10.73 25.39 34.74 16.3 23.31 33.23 64.63 58.81 37.47 24.68 16.67 72.06 61.99 90.66 66.75 64.14 62.68 107.99 26 
12.57 8.01 11.26 13.64 12.23 19.93 24.52 7.55 14.31 32.17 34.29 40.27 25.32 48.84 30.1 29.22 44.65 57.91 40.82 58.33 62.09 57.42 31.7 47.14 18 59.95 46.09 76.28 70.63 77.79 
3.39 12.46 7.55 13.02 4.88 5.6 8.08 14.51 16.26 7 10.84 28.62 34.7 10.34 19.21 32.13 31.61 31.36 50.7 58.12 43.76 45.91 74.7 30.58 21.77 38.87 52.73 92.45 37.92 29.91 
10.66 5.81 7.33 6.43 4.49 13.79 3.44 22.33 13.06 20.99 17.59 25.77 19.17 18.19 27.91 36.78 20.87 36.45 41 24.11 36.75 18.98 14.54 76.18 49.19 42.18 41.13 27.98 39.91 70.41 
15 11.88 12.85 13.37 13.02 9.65 9.89 3.49 11.53 18.64 26.85 6.03 37.31 13.42 37.17 27.42 50.23 32 14.03 30.13 46.83 41.86 47.42 49.29 29.29 37.27 77.88 80.61 25.27 71.97 
22.43 17.67 8.46 10.52 13.41 11.5 11.28 6.79 8.44 20.59 16.52 22.53 26.54 26.08 27.78 9.79 23.28 28.66 18.62 37.7 41.9 68.71 15.84 54.69 62.45 53.6 25.9 35.74 76.42 52.23 
15.69 12.86 9.71 9.89 12.57 9.23 3.92 8.74 7.12 9.17 14.69 17.28 9.81 9.97 34.76 9.7 11.04 31.48 49.13 49.81 43.39 43.58 47.75 60.97 18.92 47.39 75.95 24.37 63.67 29.67 
20.78 25.64 6.7 22.62 12.12 4.21 10.61 4.93 4.04 9.81 8.69 20.93 6.16 15.97 18.84 32.1 26.08 8.67 9.7 11.72 51.2 23.11 38.41 44.02 61.16 28.57 21.39 32.67 39.79 66.67 
25.67 12.48 7.31 10.08 20.62 3.95 3.39 6.72 13.1 4.58 6.01 4.54 10.15 17.67 7.09 16.84 32.82 9.68 32.43 27.05 29.93 24.83 30.41 11.66 51.14 47.97 68.64 22.03 71.57 28.86 
40.73 9.94 27.58 23.72 14.49 22.57 7.67 12.23 4.85 11.87 5.95 3.01 8 24.45 21.29 13.91 11.81 35.33 21.74 35.37 23.57 32.24 32.09 24.4 25.65 51.42 42.6 37.87 20.27 20.8 
11.57 20.85 25.94 22.18 12.5 23.41 16.97 10.57 10.76 13.09 9.76 4.78 5.95 5.1 5.92 7.95 19.27 24.01 22.97 31.57 14.37 27.4 26.96 19.34 42.62 15.92 41.04 69.29 44.7 35.54 
37.14 16.13 14 13.98 23.4 22.29 15.62 11.42 11.69 11.33 4.77 10.16 11.74 5.55 5.22 7.2 23.86 27.26 23.15 40.45 19.99 29.86 22.81 45.24 36.69 45.75 52.84 28.65 61.58 62.15 
54.09 34.55 21.7 26.39 26.43 12.66 19.34 8.17 9.29 3.87 4.86 7.13 11.26 11.56 4.73 13.84 9.22 24.81 12.75 9.35 20.76 16.2 36.61 18.01 24.76 44.64 46.64 11.52 27.74 53.19 
29.27 26.13 32.34 35.98 22.18 25.75 27.72 27.54 24.05 6.7 13.79 4.06 4.09 9.89 10.56 7.75 5.21 17.74 27.18 22.2 16.03 10.01 34.34 25.35 35.23 29.72 43.26 46.3 22.07 29.07 
11.32 45.66 17.29 28.53 26.96 29.34 12.75 13.73 18.83 22.21 12.78 13.03 5.47 3.08 9.2 5.54 8.31 4.79 15.68 9.71 11.9 22.99 33.59 29.49 32.3 10.4 16.67 54.56 28.56 13.24 
40.51 39.23 48.98 21.1 11.09 9.55 8.7 15.24 12.38 26.1 20.76 18.31 2.92 5.66 2.94 7.83 3.69 9.46 13.25 26.46 15.2 13.31 17.01 39.82 15.19 28.45 14.11 36.29 43.6 14.32 
58.33 37.43 25.6 46.81 43.31 15.09 18.46 13.09 21.08 16.29 10.61 21.12 25.17 12.15 12.13 10.96 4.87 13.04 10.23 11.05 7.96 7.55 21.87 19.54 37.12 11.96 20.51 17.95 29.17 16.09 
46.72 66.97 20.8 29.22 13.31 18.14 36.02 17.42 38.24 28.26 22.54 12.03 21.32 24.53 3.9 6.65 11.58 4.95 7.47 12.42 13.05 13.97 13.15 14.15 27.04 34.33 18.72 10.28 19.06 41.21 
67.51 24.25 52.62 13.28 41.92 27.9 18.79 32.39 30.44 21.76 41.39 10.74 6.22 13.71 7.92 5.05 8.59 5.9 12.48 9.72 4.56 9.72 26.61 24.6 11.74 5.7 34.17 31.91 28.93 24.45 
52.15 37.06 51.68 52.09 14.51 51.84 13.85 24.23 27.28 14.42 41.47 40.54 22.1 6.26 23.92 13.43 6.06 5.24 9.65 5.46 4.18 4.76 9.69 15.33 14.03 9.92 24 25.75 36.05 24.15 
38.53 68.4 48.02 58.75 50.46 52 45.85 24.08 52.5 36.88 29.74 37.56 37.64 22.11 13.22 8.55 18.7 11.69 10.43 3.21 4.33 5.41 9.67 4.53 23.62 15.85 14.28 6.92 14.83 39.01 
72.78 36.73 56.29 17.09 56.92 58.78 24.06 37.52 51.26 13.55 31.71 30.61 19.3 35.17 20.09 26.06 5.84 24.2 8.76 4.65 5.35 7.65 4.05 10.32 7.91 6.13 17.07 22.28 20.73 34.24 
73.02 55.98 52.8 45.09 15.7 20.37 34.99 12.6 22.19 47.72 36.04 16.52 26.51 16.34 11.5 19.32 26.32 7.68 27.73 9.46 10.13 11.8 7.17 12.39 12.28 7.11 22.97 14.46 12.29 11.62 
49 38.57 52.85 38.38 52.69 57.74 14.93 40.28 18.61 44.43 32.67 17.05 38.4 10.38 22.33 41.22 26.35 19.52 19.34 11.29 9.31 3.13 11 2.84 4.87 7.42 13.41 18.69 22.28 6.83 
59.4 76.04 54.14 39.98 38.26 32.18 20.09 51.27 35.57 26.92 29.41 50.54 21.54 23.3 12.05 36.74 10.45 10.78 14.11 23.28 25.31 11.85 3.82 12.68 6.46 12.97 4.4 12.21 12.12 25.92 
63.42 91.26 35.42 42.43 30.65 25.72 42.14 25.53 47.67 17.06 37.65 50.4 51.65 12.42 8.75 11.91 21.59 12.69 27.62 10.24 16.66 22.22 5.04 9.26 12.33 4 11.38 9.82 6.52 18.24 
21.33 50.91 54.45 22.7 50.91 45.97 33.48 49.17 52.7 68.28 16.82 52.84 49.73 15.45 11.39 22.04 28.77 36.56 8.6 17.94 16.97 6.7 24.91 11.25 6.16 11.4 5.74 11.23 4.91 4.34 
47.37 70.01 64.58 58.15 61.05 69.73 76.83 59.27 16.56 39.24 57.05 17.39 25.99 32.47 20.85 52.5 26.81 39.34 12.28 35.58 10.34 26.78 21.19 23.25 9.72 11.33 5.16 2.98 10.76 3.69 
65.14 44.98 46.31 82.47 72.66 19.84 50.28 46.23 78.09 40.62 40.77 61.63 64.27 23.7 27.98 55.15 30.54 16.24 40.17 13.01 37.77 18.28 12.82 12.29 15.05 7.19 7.37 6.81 5.42 6.54 
80.55 63.39 45.42 19.47 93.75 53.05 39.05 37.27 35.8 55.71 59.62 34.21 68.36 56.4 34.87 49.97 17.42 53 11.66 33.78 12.94 16.5 17.82 7.13 20.67 21.79 6.43 10.61 7.45 11.52 
2 0
11.89 7.43 15.79 16.71 17.76 21.27 25.23 13.97 11.33 24.51 50.48 53.52 44.77 40.91 36.27 38.32 68.28 63.58 59.33 31.84 33.09 104.1 89.9 40.35 67.79 81.68 54.14 111.57 118.17 42.5 
12.1 13.52 16.74 10.99 17.68 11.59 24.57 18.24 26.58 16.66 40.51 42.03 48.8 68.14 67.6 32.21 30.43 57.98 53.31 26.39 18.14 92.09 64.53 64.3 88.15 51.55 62.18 54.75 48.72 62.78 
9.31 12.89 4.73 11.77 8.88 13.22 9.99 8.14 22.65 28.92 41.25 38.88 48.14 41.32 19 29.5 60.84 38.25 49.24 54.05 55.35 39.37 75.66 49.28 93.34 42.55 84.56 27.24 108.42 49.54 
14.32 7.77 8.71 10.05 17.6 6.87 8.55 32.69 13.89 29.59 14.5 33.04 28.33 37.12 32.07 64.3 44.61 62.15 24.54 18.59 81.39 60.03 19.86 105.53 38.59 102.77 90.71 75.49 63.63 33.51 
9.64 5.74 4.26 6.77 14.12 12.89 7.53 7.41 33.41 24.63 31.12 26.06 53.61 26.09 26.44 26.75 24.48 19.61 51.35 45.24 31.3 25.1 58.53 66.24 99.21 41.2 95.22 104.2 48.12 60.43 
12.64 23.62 4.61 4.14 14.38 10.69 14.56 5.65 15.97 30.51 30.1 22.85 28.73 51.81 17.73 42.85 13.84 61.3 24.41 45.08 29.3 39.64 28.69 52.49 41.32 35.29 81.96 57.17 35.13 93.27 
9.67 26.02 34.72 5.67 8.98 6.63 16.46 11.49 15.66 12.46 22.8 22.46 18.03 27.33 21.09 53.4 23.98 51.2 67.72 35.77 37.88 51.56 61.44 23.74 56.51 70.22 100.46 105.22 75.98 36.5 
8.96 19.68 21.82 8.95 11.45 17.69 7.13 7.29 16.75 15.92 10.91 22.64 7.87 24.87 26.92 26.19 52.2 16.04 16.98 70.22 28.65 70.95 40.51 29.2 41.12 79.52 87.94 38.5 21.51 70.71 
34.78 19.49 33.98 24.39 29.85 17.81 13.83 15.13 12.02 4.21 12.98 16.84 20.83 11.51 33.35 29.84 28.9 14.06 53.38 42.29 45.38 52.43 28.19 22.46 56.97 22.8 50.61 64.87 42.78 23.44 
16.68 51.46 35.81 18.16 22.89 23.6 8.93 12.96 5.38 15.89 17.32 13.83 8.72 15.1 24.35 20.97 28.1 24.05 50.59 40.85 45.07 27.99 44.26 49.17 15.86 78.87 58.26 65.96 50.63 65.95 
23.16 16 45.27 24.89 10.93 22.07 9.5 14.84 15.91 4.09 8.65 16.8 11.8 13.66 26.74 20.95 32.82 16.85 49.44 52 19.64 25.95 29.56 19.2 29.61 24.8 63.13 65.09 21.82 56.18 
18.61 33.3 19.11 19.14 17.84 25.49 29.75 24.49 5.28 13.6 3.71 16.58 16.19 7.96 7.94 27.74 26.94 10.95 22.54 24.09 43.13 13.3 50.49 39.72 53.42 57.42 20.74 57.29 88.63 63.85 
26.91 32.7 49.43 44.68 20.04 27.87 10.92 24.17 20.29 13.38 12.9 15.17 14.13 15.3 4.83 15.79 26.64 28.71 31.44 31.76 47.39 43.85 33.4 30.47 37.01 51.93 56.81 57.2 57.39 64.45 
67.8 37.59 50.05 42.25 22.68 30.22 28.96 34.82 14.85 24.23 7.69 4.8 4.64 12.74 5.19 5 7.45 33.89 32.49 9.38 7.94 24.31 24.85 48.08 26.41 45.16 48.41 69.4 45.47 61.92 
27.68 26.05 26.57 14.66 38.72 37.14 27.65 26.93 18.35 34.84 32.42 7.77 4.66 9.57 6.36 14.29 8.8 16 25.06 20.12 28.87 14.33 32.74 19.11 36.75 33.93 32.4 26.29 22.94 49.13 
48.45 67.24 69.56 55.54 31.42 26.51 36.46 47.26 28.1 27.34 30.83 22.87 17.51 15.92 7.63 11.79 6.72 13.9 16.13 7.49 14.49 31.41 30.01 15.25 53.14 20.01 31.39 42.82 33.56 66.76 
42.92 21.55 60.75 30.21 54.66 31.26 23.27 29.38 35.73 19.07 12.25 28.14 34.17 8.14 10.03 3.72 3.88 13.93 14.55 6.11 12.51 13.22 12.15 9.48 17.46 43.38 34.08 16.33 66.39 27.96 
38.47 63.02 21.95 33.25 43.34 32.18 35.33 34.2 15.44 11.74 9.49 23.49 8.06 8.33 14.64 13.06 5.44 17.62 4.47 8.12 15.84 29.16 35.63 33.61 15.66 38.87 38.43 37 40.03 55.66 
89.47 20.67 85.14 63.59 20.08 32.24 37.79 40.49 46.95 43.92 23.82 18.63 13.91 31.56 35.63 16.91 10.79 14.28 14.09 11.34 15.51 4.91 33.45 12.13 11.38 18.14 29.89 36.34 41.95 25.32 
39.81 75.42 19.21 86.54 69.56 51.06 43.33 40.02 38.75 15.68 51.37 44.44 11.52 17.43 31.18 9.43 6.03 14.02 10.45 11.06 16.31 17.87 9.51 9.01 29.69 10.25 26.01 37.05 25.81 30.71 
66.51 82.77 70.07 33.7 45.81 62.17 68.43 45.4 29.25 27.64 43.84 24.03 30.82 35.6 31.12 13.57 16.86 8.69 4.72 15.01 6.48 13.87 5.41 6.17 22.79 22.33 27.3 16.17 40.38 28.36 
77.13 51.84 76.36 57.37 65.59 78.9 53.94 30.96 35.31 52.31 50.78 14.37 41.21 12.2 11.49 24.01 19.87 31.63 15.67 4.5 12.75 11.16 8.29 15.71 16.38 20.29 25.02 9 16.16 35.16 
69.89 52.32 96.91 81.26 20.49 75.16 35.24 48.87 52.06 55.99 50.08 37.95 42.62 42.59 45.93 9.46 32.85 22.72 34.97 12.71 5.22 16 6.13 8.56 13.21 6.44 22.37 27.93 27.17 22.32 
79.41 79.53 86.5 92.11 52.9 33.05 37.65 50.46 70.94 38.06 24.78 33.1 11.44 37.18 35.28 47.79 31.69 14.91 28.9 24.69 8.13 10.64 11.77 13.74 9.7 13.72 6.47 31.56 15.54 18.85 
73.03 26.95 42.25 62.18 99.07 85.42 77.76 19.37 38.02 48.87 62.38 29 32.15 13.19 42.98 23.7 51.81 13.7 35.35 20.25 34.35 8.29 7.76 16.07 7.71 15.29 11.14 4.93 8.38 26 
58.91 71.84 49.63 29.23 97.47 93.01 74.6 64.24 30.67 55.73 40.4 49.33 22.16 21.78 21.41 39.17 50.98 50.19 9.65 33.04 29.25 22.2 15.55 3.72 12.28 14.42 17.87 13.6 3.92 7.91 
72.99 50.5 98.44 55.07 44.35 48.25 96.47 64.51 44.34 63.88 66.91 41.91 63.47 21.58 50.55 13.73 25.95 39.43 36.24 13.41 30.5 13.72 12.67 9.16 17.09 14.37 16.25 13.05 4.79 5.64 
112.21 30.19 119.9 30.92 59.79 38.82 104.94 82.63 81.33 79.58 70.78 47.65 38.71 23.47 25.98 18.91 31.33 16.69 16.94 27.22 25.68 21.21 25.55 30.99 12.62 17.89 17.2 9.84 12.86 12.59 
96.79 47.24 67.2 100.28 28.99 44.75 52.2 60.36 88.01 57.67 18.45 48.37 29.1 27.87 36.22 35.73 63.93 40.06 20.99 29.31 23.29 32.93 33.68 22.99 28.09 12.41 16.09 8.3 13.55 13.91 
66.55 55.68 47.85 53.39 69.44 98.55 65.39 96.31 43.05 40.87 65.51 45.81 70.27 42.12 16.57 23.26 39.49 40.94 48.18 28.95 48.52 14.04 25.11 9.6 11.98 28.75 16.44 14.62 5.21 9.21 

0 95 0 0 0 1 0 97 16 0 0 95 32 0 0 49 65 17 0 59 54 58 73 23 0 0 86 0 0 64 

0 0
55 0 53 31 30 0 24 0 0 31 2 0 0 51 11 0 0 0 13 0 0 0 0 0 32 33 0 24 30 0 
1 0
64 0 14 39 48 0 36 0 0 4 32 0 0 40 11 0 0 0 35 0 0 0 0 0 65 4 0 52 57 0 
2 0
65 0 20 13 41 0 19 0 0 42 10 0 0 25 31 0 0 0 27 0 0 0 0 0 17 41 0 37 22 0 
