30 1 3

1 2 3 

0 0
2.58 5.07 2.24 4.48 13.05 7.77 8.58 5.52 8.96 8.57 16.18 12.01 8.98 10.65 7.46 17.46 15.83 24.98 16.2 14.66 16.9 20.18 9.13 40.39 19.18 18.54 44.25 21.89 33 50.34 
6.41 6.1 3.45 1.4 3.73 6.01 5.99 5.21 5.28 7.86 10.45 6.03 18.32 21.92 17.32 10.09 27.59 15.46 32 20.11 17.46 26.58 24.39 19.6 38.91 15.69 40.29 31.74 29.03 40.97 
3.24 2.03 2.75 3.49 6.49 3.21 9.68 13.03 6.74 8.18 7.3 4.73 16.16 7.18 13.5 25.74 21.4 15.6 7.67 23.87 14.01 12.37 21.14 11.43 37.05 34.25 40.12 15.68 46.63 23.55 
6.77 6.8 4.75 6.02 4.51 4.22 6.74 13.52 3.89 7.26 11.18 13.39 12.39 15.78 6.69 9.65 11.17 5.71 15.21 21.79 15.43 18.25 25.93 30.26 34.06 33.36 40.93 19.25 30.2 33.73 
5.8 3.18 6.34 4.88 4.15 3.42 3.12 3.31 3.01 5.95 6.73 7.88 4.58 8.44 18.84 12.66 25.78 24.77 21.09 23.94 16.08 22.03 23.9 33.03 38.64 33.01 12.45 13.19 22.13 42.23 
10.76 8.17 5.25 2.65 1.43 5.98 1.91 4.55 4.69 5.76 2.89 10.24 3.3 14.22 14.13 20.11 16.58 6.67 19.93 5.59 6.03 33.51 32.95 9.75 17.39 32.71 10.25 20.02 14.01 36 
5.85 4.84 9.24 6.8 4.56 6.15 2.58 4.39 3.55 6 4.74 13.24 5.65 8.91 20.57 6.33 17.9 13.41 8.65 9.46 14.73 14.35 26.15 27.94 26.61 16.95 31.36 27.9 30.1 22.55 
11.72 8.64 4.44 7.79 6.91 4.64 5.02 1.6 4.56 4.3 2.98 3.59 8.05 6.25 8.32 10.48 6.53 6.01 20.11 16.11 22.61 6.18 20.4 31.59 16.6 17.23 34.6 8.61 18.46 28.05 
14.78 13.2 3.63 10.16 4.38 3.21 4.14 1.93 2 4.84 2.98 3.13 9.35 11.03 9.04 9.5 18.7 14.82 14.84 10.86 9.01 20.59 27.71 6.18 14.7 16.58 28.52 27.04 10.42 17 
14.43 6.05 6.66 12.66 4.86 12.01 3.46 1.62 2.9 4.57 4.2 4.13 5.43 5.23 3.01 11.95 4.75 9.64 19.55 18.35 16.91 19.75 16.27 20.01 24.39 31.31 21.3 25.6 32.67 25.81 
5.37 18.56 15.63 11.63 8.77 6.26 8.3 4.49 6.13 3.3 2.38 3.37 5.93 4.54 7.48 6.64 4.91 12.04 15.81 8.66 14.23 13.55 26.71 10.93 25.78 14.84 34.58 22.59 8.66 29.02 
19.14 8.5 5.81 5.85 5.4 9.17 6.81 5.79 4.3 2.22 4.23 4.3 5.35 1.8 3.77 11.57 3.34 9.12 9.78 17.69 7.11 12.5 8.72 13.43 23.29 14.61 12.64 21.67 28.41 16.66 
27.66 15.48 20.02 7.49 6.18 11.41 9.77 10.09 7 6.17 6.6 5.26 2.38 3.62 1.63 4.88 4.15 4.4 7.73 8.9 16.99 9.78 9.28 10.35 20.95 24.11 6.75 8.18 20.53 8.96 
9.34 22.93 17.7 9.45 12.52 10.71 3.07 5.43 12.75 8.75 4.5 2.54 4.57 1.79 4.66 3.19 6.83 5.1 3.87 9.85 9.47 16.3 19.98 12.74 11.62 16.97 6.38 20 19.39 10.63 
8.08 20.17 24 15.67 10.97 16.4 6.12 10.25 9.48 6.73 10.84 6.86 2.91 4 3.65 6.52 3.54 2.35 2.79 5.93 13.35 6.19 15.34 9.62 11.06 20.54 19.12 24.29 25.08 16.02 
18.25 27.64 23.01 15.21 5.13 7.21 5.61 20.62 8.62 10.03 8.92 8.69 3.92 1.72 3.08 6.04 4.65 5.22 2.08 6.77 5.38 9.46 10.47 7.98 20.07 9.99 9.38 25.85 15.89 17.89 
12.65 5.64 8.21 6.23 5.84 5.49 17.6 14.96 13.43 4.62 9.59 10.84 8.09 5.3 1.84 1.9 6.03 4.34 3.66 4.63 5.59 11.95 7.95 4.96 16.38 12.56 19.44 13.83 21.19 5.73 
16.28 10.43 14.52 27.37 19.77 13.15 7.49 17.49 15.72 16.83 13.15 7.06 7.42 3.55 6.33 3.27 2.8 5.28 3.95 5.84 3.2 9.42 4.32 3.33 4.32 10.45 19.02 8.63 7.1 18.57 
22.28 20.67 12.62 12.45 11.54 9.5 20.37 17.77 15.19 9.8 20.63 8.02 11.02 11.64 4.29 4.93 2.53 3.79 2.99 5.74 2.39 6.56 13.29 8.48 3.31 3.14 10 16.47 10.75 15.6 
20.93 26.76 27.12 10.83 21.25 8.89 5.68 14.1 18.96 6.24 14.55 20.21 9.64 2.96 12.88 9.27 2.06 2.34 5.53 4.25 2.2 4.28 3.6 5.4 3.24 12.61 4.5 9.39 18.4 6.77 
37.39 33.48 30.05 9.56 7.07 10.83 8.64 26.94 10.42 11.42 6.65 16 7.67 8.11 4.61 12.85 11.33 6.71 6.26 2.43 5.51 4.98 3.89 3.47 13.03 3.45 8.66 3.42 13.18 20.16 
10.49 34.47 17.05 15.45 13.85 24.54 7.03 19.17 15.51 13.4 19.56 7.33 11.64 17.62 7.84 5.23 12.39 13.27 1.76 2.29 1.81 6.86 3.22 3.71 4.05 3.71 13.62 11.45 8.24 6.61 
14.8 27.41 9.86 8.7 15.62 34.56 34.53 6.15 16.67 19.42 10.96 7.52 13.23 13.18 19.89 7.53 6.13 3.34 9.66 2.53 6.62 4.01 4.34 5.01 4.43 6.69 4.64 10.25 4.79 11.72 
13.76 10.24 8.57 17.71 21.42 26.58 22.71 15.68 15.99 22.06 23.4 9.13 17.23 15.34 19.2 11.04 13.32 6.8 9.37 6.84 6.81 1.66 6.69 2.46 2.65 1.65 3.32 12.85 3.95 7.74 
31.69 27.47 39.4 24.02 34.24 27.68 31.15 26.92 17.73 18.56 10.66 6.43 13.92 14.82 20.68 7.64 8.09 11.2 13.16 4.84 3.72 1.91 2.19 2.02 1.73 5.08 3.01 5.91 9.25 7.92 
30.66 48.21 27.23 26.9 20.04 36.76 12.91 11.52 10.66 17.49 15.23 9.16 27.43 26.57 12.93 4.41 11.51 13.14 4.78 9.07 8.61 5.58 3.79 5.24 6.85 3.18 4.88 2.8 1.5 6.99 
10.22 22.87 24.18 14.09 9.3 16.88 12.37 19.47 32.7 14.07 34.62 11.12 22.85 15.07 19.01 8.91 11.93 16.9 10.18 10.22 11.47 12.23 8.35 5.27 2.52 2.25 1.51 6.26 3.77 3.41 
42.78 46.63 21.56 40.04 13.8 12.98 14.95 15.13 9.78 15 19.08 14.71 23.59 9.44 25.39 23.32 6.09 14.97 9.43 19.25 9.89 12.68 8.28 10.16 5.85 3.86 6.21 6.93 3.77 2.85 
39.56 26.13 25.01 29.72 10.96 27.29 12.68 19.02 32.68 33.69 15.57 11.92 11.56 6.02 18.51 11.72 20.24 16.24 15.7 11.14 5.88 13.68 11.92 11.36 4.74 1.86 4.31 2.43 5.86 2.94 
12.87 22.05 42.69 44.45 25.39 42.42 30.73 8.82 13.09 22.58 26.06 10.64 32.46 26.58 15.45 23.25 27.1 26.97 10.34 15.5 15.42 16.71 11.18 3.55 4.01 4.63 1.89 2.62 6.48 3.65 
1 0
7.27 3.82 11.53 8.62 25.85 19.54 11.8 27.01 23.21 35.58 17.02 31.39 38.26 16.09 15.02 30.35 65.03 58.04 48.9 36.51 80.98 72.9 35.6 48.53 49.47 35.71 45.11 94.9 99.47 78.02 
4.1 8.4 12.55 9.03 3.07 20.56 13.08 13.09 20.37 39.35 41.13 11.68 19.48 33.38 39.04 40.35 16.16 52.51 14.44 60.67 50.93 46.27 49.24 45.36 26.46 50.52 42.36 39.99 34.2 63.39 
8.62 9.9 8.25 3.52 10.01 9.19 25.8 6.81 21.2 6.12 27.15 25.94 38.79 30.17 51.35 31.33 54.01 24.08 27.29 38.29 48.98 45.88 59.67 47.06 81.75 82.49 79.03 90.18 86.95 80.52 
7.97 12.38 13.86 13.6 11.47 11.35 4.37 25.44 9.22 18.21 25.09 25.95 24.16 23.7 24.34 15.48 42.21 22.05 19.4 18.39 61.37 43.4 47.53 30.65 19.87 61.59 45.91 63.29 32.12 81.03 
11.02 6.57 4.49 10.49 8.21 7.23 7.09 3.56 18.01 9.7 6.27 22.8 8.76 11.72 39.33 27.98 42.62 53.06 54.26 21 21.22 41.66 34.59 69.19 51.88 74.1 75.7 82.37 32.07 66.77 
14.05 27.4 6.58 7.21 11.33 4.24 8.14 3.86 11.01 17.99 25.41 6.03 12.03 38.05 26.03 21.52 24.88 52.41 29.35 38.69 33.69 35.47 65.35 37.89 27.2 17.69 68.5 54.04 63.78 92.19 
21.48 27.34 16.78 9.22 12.3 6.54 6.87 2.85 11.05 9.99 12.31 5.62 25.82 25.06 16.83 34.6 13.27 24.15 45.19 40.24 18.82 31.42 48.71 36.43 68.25 23.05 78.84 78.11 51 32.53 
18.57 21.62 26.76 26.56 9.92 11.99 5.81 7.7 8.7 11.74 6.35 6.63 18.21 12.48 9.25 13.22 33.73 41.41 36.74 46.85 27.58 15.36 27.46 52.22 23.81 46.71 68.03 42.75 80.95 30.92 
31 21.79 8.44 10.11 5.78 4.71 13.2 4.36 12.19 12.8 6.98 10.35 17.58 20.88 7.01 17.96 41.17 12.16 14.63 31.35 52.01 22.7 53.88 43.66 22.07 39.67 43.99 64.84 75.52 30.87 
37.48 26.2 27.67 23.01 16.14 25.34 6.03 10.99 9.04 3.66 9.73 11.83 8.9 15.13 5.86 13.99 13.22 40.66 24.53 41.01 22.88 43.17 51.35 16.53 21.59 25.63 38.53 59.84 48.88 17.78 
40.1 12.87 16.18 21.02 27.01 6.77 12.14 13.36 8.34 4.22 10.83 6.78 7.58 4.81 10.63 16.92 19.47 12.81 41.55 39.36 27 36.7 52.89 37.02 39.71 14.42 64.24 32.06 67.87 54.83 
37.85 14.05 32.22 10.77 19.96 20.12 25.01 7.61 11.55 5.17 9.55 5.34 10.09 12.34 12.45 25.81 8.21 6.43 17.88 13.2 29.73 41.01 37.78 43.78 40.84 30.13 22.29 25.6 54.43 15.83 
21.35 10.19 17.82 19.18 41.15 13.17 22.2 17.37 23.12 6.82 10.44 4.53 12.52 6.56 9.77 9.61 12.86 23.79 15.84 22.92 16.66 36.98 39.27 35.48 51.72 35.54 16.44 14.04 20.92 15.6 
32.78 30.82 24.75 26.61 19.34 10.92 24.49 20.47 10.11 18.87 8.99 5.44 5.67 12.97 12.13 4.55 13.2 23.51 27.16 19.56 6.28 13.96 23.17 38.26 26.29 23.83 50.61 16.36 25.33 67.21 
53.21 30.56 55.22 35.66 35.6 38.07 10.36 20.68 20.95 9.79 21.32 5.98 11.75 13.81 6.04 6.02 6.38 11.61 25.87 23.04 22.28 27.04 12.61 17.68 13.59 11.52 19.33 28.99 47.89 18.59 
48 21.63 41.23 44.17 11.47 27.94 9.96 30.61 6.52 6.64 9.2 15.27 13.82 4.84 13.32 11.78 4.09 10.85 7.5 22.52 25.98 6.72 14.43 20.56 27.81 36.86 31.06 41.8 38.21 25.72 
43.41 26.06 44.16 40.88 35.9 30.59 30.45 19.2 35.03 13.63 13.95 22.1 10.02 6.74 11.85 3.16 4.7 11.42 9.31 6.45 17.27 27.43 13.24 11.3 22.44 17.26 33.89 18.11 37.68 25.93 
46.69 35.33 36.91 18.45 41.44 42.04 12.05 19.41 28.76 33.91 16.25 13.77 20.99 27.67 3.04 6.09 13.54 10.91 7.79 12.68 3.85 24.74 12.1 23.03 19.23 15.71 12.25 8.92 27.4 39.57 
56.29 18.13 65.65 13.45 26.2 15.61 46.67 21.86 13.06 17.23 37.64 23.45 11.57 27.48 9.05 10.33 4.23 2.99 5.82 6.52 8.76 3.36 17.95 22.16 20.47 25.57 14.51 38.59 26.83 37.21 
37.6 47.62 31.68 34.88 32.15 53.74 53.35 33.28 34.42 26.49 32.81 21.94 15.23 16.39 8.54 14.95 7.85 6.48 6.15 10.34 9.24 3.43 13.54 7.04 15.04 6.81 25.22 23.93 26.3 23.25 
56.14 68.14 30 44.85 52.11 15.82 14.8 51.07 26.33 28.99 36.52 25.57 16.96 7.77 11.8 5.94 23.69 11.52 11.86 4.43 9.49 12.26 11.42 5.73 6.89 19.94 20.75 17.1 23.11 9.44 
29.77 24.65 61.94 36.84 50.03 42.26 36.5 34.7 40.39 47.42 15.65 29.33 32.94 21.06 13.57 7.53 15.53 22.28 12.19 3.89 13.84 13.57 6.98 8.49 11.44 16.26 25.69 14.83 24.28 25.86 
25.64 53.13 63.58 34.01 57.88 22 43.43 17.55 53.45 25.91 17.16 35.5 10.68 28.42 32.94 24.52 27.09 17.33 5.67 5.16 8.7 5.94 5.9 6.23 5.54 3.25 17.42 14.19 14.23 25.55 
79.89 24.67 18.57 41.32 49.61 56.68 45.65 16.82 32.65 46.21 15.59 37.58 24.13 13.43 13.79 25.57 20.15 12.36 12.19 27.46 3.26 3.57 13.48 4.69 8.18 6.38 4.12 10.57 5.98 23.79 
32.65 51.96 55.18 16.69 48.38 28.61 48.57 19.25 24.15 51.83 37.48 30.59 35.89 35.34 30.6 16.43 26.68 11.31 24.11 22.56 24.13 7.51 10.44 4.49 2.9 8.32 13.48 11.99 9.62 11.31 
38.27 79.58 62.33 59.54 72.37 51.49 20.06 36.27 30.03 27.49 28.48 30.24 32.14 43.66 13.49 37.47 33.11 30.23 6.98 19.3 8.82 25.93 6.77 5.23 3.95 7.74 6.39 12.88 9.38 12.25 
89.58 77.1 38.58 43.01 27.42 49.13 40.87 52.8 60.84 33.95 31.34 23.55 43.71 19.52 23.12 40.84 41.59 11.42 33.55 8.33 12.56 12.14 27.61 3.92 12.98 4.45 8.07 3.8 6.57 13.36 
80.75 86.88 21.93 72.46 23.52 82.63 56.59 30.78 32.09 25.2 62.57 20.72 28.91 29.82 35.04 41.96 30.35 12.55 24.39 14.06 23.22 17.24 21.08 25.41 6.26 6.29 12.24 7.25 3.06 7.06 
46.44 26.17 57.64 44.04 66 49.46 77.57 18.16 68.98 62.38 37.81 33.6 51.65 14.53 23.83 13.1 51.48 20.24 36.82 34.83 17.5 10.65 27.26 25.61 14.25 13.04 9.12 5.15 11.4 9.1 
22.39 91.7 28.48 71.46 33.12 26.3 77.8 82.64 71.08 23.81 29.77 38.2 64.11 21.49 11.72 11.96 43.87 41.35 32.73 24.7 28.1 16.88 12.91 23.04 15.65 15.6 6.66 11.69 11.27 3.91 
2 0
4.28 14.26 17.63 11.72 28.31 9.06 32.13 33.33 47.42 21.77 33.54 33.17 45.31 71.45 30.56 57.39 22.53 40.9 85.15 37.8 34.7 58.03 73.91 22.39 120.19 42.9 75.5 25.94 131.42 35.25 
7.26 8.84 9.92 14.08 17.02 22.66 31.4 35.76 14.95 14.31 53.06 23.63 20.47 28.85 41.5 46.06 43.54 52 86.68 52.25 25.54 30.88 99.83 36.56 58.23 75.61 102.93 39.86 42.31 120.99 
15.47 10.9 10.76 10.52 11.64 11.91 24.46 8.6 34.61 24 22.2 50.73 31.92 40.91 44.4 69.74 26.67 21.59 89.13 55.03 70.65 50.03 106.06 74.73 62.53 105.16 122.71 42.76 28.12 52.42 
11.56 13.13 17.31 12.94 9.84 7.89 16.24 28.95 23.76 11.09 13.54 13.25 15.06 14.69 27.54 35.89 14.45 33.5 61.79 36.46 41.72 19.64 67.72 50.5 96.5 95.73 71.34 68.29 119.92 68.47 
8.66 12.3 9.83 14.77 9.63 16.74 12.41 6.86 22.43 7.71 32.13 32.19 51.42 28.56 50.49 42.5 34.24 44.03 51.17 17.89 55.94 37.53 19.89 66.06 89.86 67.64 63.02 101.42 35.3 119.73 
34.34 13.11 15.59 10.58 17.87 8.86 11.03 11.05 10.64 13.2 15.72 18.32 32.73 26.29 36.09 29.66 44.96 47.06 53.73 48.96 62.19 81.39 68.06 37.75 52.95 79.08 77.34 83.23 101.59 119.04 
9.57 26.84 21.26 17.46 4.16 11.2 15.51 13.35 13.7 10.15 19.47 27.84 24.99 12.39 30.56 42.44 43.9 40.91 53.21 61.4 36.79 36.77 44.76 58.93 80.05 28.97 24.19 86.65 66.97 93.21 
28.37 8.16 27.84 24.83 17.82 13.78 17.47 12.69 17.05 3.63 12.03 21.66 27.09 29.14 24.4 53.41 45.29 17.87 22.13 45.66 39.65 28.8 19.96 83.78 51.16 83.9 69.58 70.87 96.86 39.29 
26.22 10.58 31.15 18.79 17.68 10.33 14.69 17.45 12.03 17.62 13.98 12.87 34.01 13.54 20.46 32.48 53.39 40.57 34.43 47.05 14.4 20.25 63.76 23.5 25.12 54.26 68.86 72.43 30.57 106.22 
17.26 46.02 27.94 9.7 23.13 14.66 11.16 14.62 4.54 14.98 11.08 3.93 17.91 34.72 26.4 34.33 30.56 16.72 19.5 29.77 42.62 14.38 18.18 30.5 49.99 44.37 42.89 72.15 27.23 103.47 
11.69 37.31 49.05 33.86 31.91 22.6 25.54 15.72 16.08 15.25 3.65 14.87 4.28 10.92 35.28 16.3 32.13 30.18 42.55 16.49 23.83 39.82 61.25 65.67 54.77 58.71 40.13 34.94 50.04 57.39 
16.84 27.55 37.71 31.52 8.15 18.76 26.36 22.86 6.97 9.83 6.7 13.39 12.6 4.54 5.03 20.51 15.54 10.87 29.29 40.38 16.23 53.64 11.49 20.8 50.62 61.25 32.38 21.59 48.08 64.75 
52.32 13.02 35.39 53.61 20.8 17.89 19.45 25.42 27.13 10.39 16.44 8.39 11.35 7.09 16.33 7.69 14.89 12.6 34.81 31.02 43.62 23.25 44.25 27.63 55.73 57.48 39.64 19.59 50.24 44.27 
34.74 16.42 49.87 41.19 39.01 41.98 16.11 31.96 30.86 23.09 5.75 17.35 11.92 16.24 17.63 5.57 12.74 25.31 30.14 14.9 19.57 49.33 27.82 13.83 27.96 43.69 40.4 64.58 66.32 22.84 
61.69 57.82 38.55 25.27 43.64 21.17 12.19 23.37 21.14 16.07 32.58 12.46 16.44 16.85 13 10.01 15.36 14.94 25.45 30.73 24.37 23.6 33.99 46.3 26.79 22.72 48.91 18.92 66.33 17 
19.94 22.03 31.94 16.58 46.61 12.43 30.5 39.3 28.6 22.39 22.7 31.46 6.08 15.31 10.11 11.81 16.42 9.76 10.91 18.97 23.05 10.07 13.6 21.4 33.82 17.34 34.52 68.08 66.28 34.54 
48.56 20.43 42.43 54.68 67.03 45.48 41.29 17.38 48.6 14.66 14.38 26.43 19.02 9.22 5.89 13.24 3.61 9.16 10.39 7.33 25.87 35.43 34.68 14.35 49.04 41.84 13.99 29.73 68.95 63.49 
70.48 26.22 15.54 24.69 69.66 27.19 46.96 29.77 14.09 20.54 23.55 24.5 18.73 9.12 6.41 12.86 6.8 6.99 8.89 5.54 17.63 18.74 7.27 15.3 16.75 35.68 30.94 41.26 20.14 30.74 
71.3 62.91 47.75 53.82 34.31 53.06 60.81 18.25 28.49 15.19 48.1 16.78 28.19 22.8 20.56 15.5 5.63 4.87 12.88 4.93 4.28 15.95 18.68 17.23 20.91 31.69 13.49 50.76 31.83 19.33 
48.98 40.47 36.46 62.32 25.31 67.09 56 30.28 41.75 13.46 16.07 42.2 33.59 9.59 13.51 13.35 5.22 5.05 13.02 17.65 12.52 8.71 6.2 32.85 11.11 25.2 11.49 12.18 29.63 39.79 
33.22 51.32 60.49 31.15 88.09 70.8 25.95 25.27 21.74 51.91 44.99 29.31 37.61 8.59 35.31 24.76 22.89 4.01 9.62 4.38 7.98 8.83 7.1 13.27 23.6 31.4 35.59 29.92 21.28 50.74 
78.14 83.31 35.75 22.48 88.18 59.87 45.73 51.99 42.93 37.99 18.73 52.12 34.1 47.38 27.83 23.25 27.22 24.15 16.24 13.36 16.07 16.43 15.15 4.54 11 13.6 26.64 24.4 12.1 29.35 
34.04 59.33 92.59 53.44 41.17 77.25 37.88 27.94 57.99 34.41 16.41 11.98 18.57 46.18 48.35 33.74 17.88 22.96 25.31 6.77 4.31 5.73 8.65 15.91 4.09 13.46 17.15 27.62 24.76 16.77 
46.98 35.67 55.29 42.02 86.27 87.63 54.91 80.68 47.66 65.48 47.29 46.49 39.86 11.32 13.34 26.03 10.31 15.52 27.28 9.61 7.1 6.94 11.2 13.47 5.93 6.65 3.92 24.92 23.02 18.14 
39.89 64.45 54.69 76.59 80.19 74.03 86.46 64.35 63.31 49.04 36.53 33.41 19.93 35.08 18.88 48.25 28.76 25.78 35.07 24.69 35.21 3.75 16.58 16.37 10.23 15.65 3.64 7.27 34.69 7.9 
110.72 25.37 82.32 92.81 96.27 68.03 80.02 40.19 65.06 57.34 22.46 54.25 48.8 35.75 36.39 28.96 21.38 38.36 21.86 9.49 24.3 23.89 12.68 17.32 16.38 17.79 12.77 9.67 17.66 16.32 
44.05 111.06 113.08 96.91 53.75 50.68 71.51 59.42 86.27 78.23 74.33 28.07 23.67 20.58 45 47.72 31.97 52.6 29.33 32.71 14.39 15.95 22.08 17 7.26 8.4 9.13 15.86 10.94 11.33 
86.55 101.48 46.31 109.68 35.06 93.6 98.08 49.57 72.62 53.65 25.73 30.51 70.52 60.66 41.57 19.25 49.69 39.49 26.57 46.71 13.79 27.77 13.03 14.69 13.41 9.73 12.01 8.38 10.41 8.54 
50.02 82.36 107.03 123 93.75 64.15 33.17 43.19 77.27 44.32 22.35 23.26 64.74 65.66 58.93 64.69 43.72 17.18 46.75 41.15 51.82 19.05 8.23 28.83 24.18 5.99 9.94 15.8 11.14 16.88 
46.65 125.86 67.53 43.25 117.48 63.82 57.69 30.78 35.03 22.78 68.13 41.18 55.95 26.04 18 35.14 50.4 48.97 26.48 15.26 47.72 50.1 11.35 32.72 11.47 11.85 7.86 11.07 11.48 3.99 

0 46 14 98 95 7 0 0 37 0 34 93 33 0 0 97 0 55 8 76 0 0 72 0 64 78 0 25 0 0 

0 0
91 0 0 0 0 0 8 54 0 95 0 0 0 71 62 0 11 0 0 0 95 29 0 46 0 0 1 0 59 6 
1 0
60 0 0 0 0 0 9 89 0 11 0 0 0 100 46 0 100 0 0 0 23 9 0 35 0 0 52 0 12 42 
2 0
89 0 0 0 0 0 19 13 0 85 0 0 0 66 63 0 58 0 0 0 99 98 0 68 0 0 21 0 31 73 
